0.327 -235.906
0.662 -234.969
0.998 -235.781
1.333 -236.406
1.667 -235.656
2.003 -234.656
2.338 -235.406
2.673 -236.125
3.009 -235.375
3.344 -234.438
3.679 -235.062
4.014 -235.812
4.349 -235.219
4.684 -234.25
5.02 -233.844
5.355 -235.562
5.691 -236
6.026 -234.156
6.36 -233.469
6.696 -235.25
7.031 -235.906
7.366 -234.312
7.702 -233.094
8.037 -234.75
8.372 -235.719
8.707 -234.156
9.042 -232.875
9.378 -234.469
9.713 -235.312
10.048 -233.969
10.384 -232.625
10.719 -234.25
11.053 -235.344
11.389 -233.812
11.724 -232.812
12.059 -233.969
12.395 -234.781
12.73 -233.656
13.065 -232.656
13.4 -233.438
13.735 -234.531
14.07 -234
14.406 -232.594
14.741 -233.031
15.076 -234.406
15.412 -234.188
15.746 -232.438
16.082 -232.594
16.417 -233.938
16.753 -234.25
17.088 -232.688
17.424 -231.656
17.759 -233.719
18.094 -234.688
18.429 -232.812
18.765 -231.906
19.1 -233.344
19.436 -234.188
19.772 -232.938
20.107 -231.75
20.443 -233
20.777 -233.719
21.113 -233.688
21.448 -232.125
21.784 -231.844
22.119 -233.125
22.455 -233.906
22.79 -231.75
23.125 -230.906
23.461 -232.406
23.796 -233.094
24.132 -231.594
24.467 -230.812
24.803 -231.781
25.138 -232.75
25.473 -231.5
25.809 -230.781
26.144 -230.875
26.48 -231.938
26.815 -231.969
27.151 -230.094
27.486 -229.031
27.821 -229.75
28.156 -229.438
28.492 -229.094
28.828 -228.75
29.163 -228.938
29.499 -229.094
29.834 -228.594
30.169 -228.344
30.504 -227.75
30.84 -225.188
31.175 -223.438
31.511 -223.219
31.846 -227.469
32.182 -232.562
32.516 -235.594
32.852 -238.312
33.187 -241.688
33.523 -246.312
33.859 -249.312
34.194 -250.75
34.53 -252.625
34.865 -256.906
35.2 -260.156
35.536 -260.969
35.872 -262.312
36.208 -265.344
36.544 -267.594
36.881 -270.156
37.217 -270.219
37.553 -270.781
37.888 -273.5
38.224 -275.625
38.56 -276.875
38.896 -276.656
39.232 -276.906
39.568 -279.5
39.904 -281.656
40.24 -281.312
40.576 -281.375
40.911 -282.25
41.248 -284.562
41.584 -286.156
41.92 -285.406
42.256 -285.438
42.592 -287.219
42.928 -288.719
43.263 -290
43.599 -289.25
43.935 -289
44.271 -291
44.608 -292.438
44.944 -293.188
45.28 -292.375
45.616 -292.125
45.951 -294.469
46.287 -296.219
46.623 -295.531
46.959 -295.156
47.295 -295.812
47.632 -297.938
47.968 -299.031
48.304 -298.094
48.639 -297.938
48.975 -299.531
49.311 -300.844
49.647 -301.812
49.984 -300.781
50.324 -301.25
50.665 -301.875
51.006 -302.625
51.347 -303.094
51.688 -304.562
52.029 -305.344
52.37 -305.781
52.711 -306.156
53.051 -306.719
53.392 -306.938
53.733 -307.125
54.074 -307.688
54.415 -307.938
54.756 -307.906
55.097 -308.469
55.438 -308.531
55.779 -308.844
56.119 -309.344
56.461 -308.906
56.802 -309.094
57.142 -309.5
57.483 -309.094
57.824 -309.469
58.165 -310
58.506 -310.594
58.847 -310.938
59.188 -311.438
59.529 -311.906
59.87 -312.312
60.211 -313
60.552 -313.25
60.893 -313.875
61.234 -314.281
61.575 -315.438
61.916 -316
62.257 -316.594
62.598 -316.75
62.939 -317.125
63.28 -317
63.62 -317.156
63.961 -317.281
64.302 -317.406
64.643 -317.5
64.984 -317.719
65.325 -317.812
65.666 -317.656
66.007 -318.031
66.348 -317.094
66.689 -317.125
67.029 -317.469
67.371 -317.781
67.712 -318
68.052 -318.469
68.393 -318.781
68.734 -318.969
69.075 -319.469
69.416 -319.906
69.757 -320.094
70.098 -320.719
70.439 -320.844
70.78 -321.094
71.121 -322.406
71.462 -322.688
71.803 -323.031
72.143 -323.312
72.484 -323.281
72.825 -323.188
73.166 -323.438
73.507 -323.5
73.848 -323.281
74.189 -323.469
74.53 -323.531
74.871 -323.469
75.211 -323.625
75.553 -322.844
75.894 -322.906
76.234 -322.938
76.575 -322.938
76.916 -323.25
77.257 -323.438
77.598 -323.75
77.939 -324.031
78.28 -324.219
78.621 -324.656
78.961 -325
79.302 -325.094
79.643 -325.406
79.984 -325.844
80.325 -326.031
80.666 -327.125
81.007 -327.562
81.348 -327.375
81.689 -327.438
82.03 -327.656
82.371 -327.438
82.712 -327.438
83.053 -327.406
83.394 -327.344
83.735 -327.375
84.075 -327.469
84.416 -327.281
84.757 -327.188
85.098 -326.594
85.439 -326.438
85.78 -326.688
86.121 -327.031
86.462 -327.188
86.803 -327.312
87.144 -327.656
87.485 -328
87.826 -328.125
88.167 -328.625
88.508 -328.625
88.849 -328.844
89.19 -330
89.531 -330.156
89.872 -330.531
90.213 -330.625
90.554 -330.562
90.895 -330.438
91.236 -330.594
91.577 -330.25
91.918 -330.312
92.259 -330.188
92.6 -330.125
92.941 -330.219
93.282 -329.875
93.623 -329.625
93.964 -329.062
94.305 -329.094
94.646 -329.344
94.987 -329.656
95.328 -329.688
95.669 -329.906
96.009 -330.25
96.35 -330.562
96.691 -330.562
97.032 -330.906
97.373 -331.188
97.714 -331.344
98.055 -332.594
98.396 -332.625
98.737 -332.531
99.078 -332.75
99.419 -332.469
99.76 -332.406
100.1 -332.625
100.441 -332.25
100.782 -332.156
101.123 -332.25
101.464 -332.125
101.805 -332
102.146 -331.375
102.487 -331.125
102.828 -330.844
103.169 -331.219
103.51 -331.25
103.851 -331.469
104.192 -331.75
104.533 -332.031
104.874 -332.062
105.214 -332.406
105.556 -332.562
105.896 -332.594
106.237 -332.906
106.578 -333.844
106.919 -333.969
107.26 -334.375
107.601 -334.281
107.942 -334.031
108.283 -334.156
108.624 -334.094
108.965 -333.75
109.306 -333.938
109.647 -333.656
109.988 -333.625
110.329 -333.781
110.67 -333.062
111.011 -332.875
111.352 -332.875
111.693 -332.469
112.033 -332.594
112.374 -332.812
112.715 -333
113.056 -333.125
113.397 -333.281
113.738 -333.594
114.079 -333.75
114.419 -333.906
114.76 -334.125
115.101 -334.25
115.442 -334.375
115.783 -335.25
116.124 -335.594
116.465 -336.031
116.806 -335.969
117.147 -336.031
117.488 -335.75
117.829 -335.719
118.169 -335.844
118.51 -335.5
118.851 -335.438
119.192 -335.562
119.533 -335.5
119.874 -335.25
120.214 -335.375
120.555 -335.281
120.896 -334.281
121.237 -334.312
121.578 -334.094
121.919 -334.188
122.26 -334.5
122.601 -334.656
122.942 -334.719
123.282 -335
123.624 -335.281
123.964 -335.312
124.305 -335.594
124.646 -335.719
124.987 -335.875
125.328 -337.156
125.669 -337.219
126.01 -337.375
126.351 -337.438
126.692 -337.281
127.033 -337.062
127.374 -337.219
127.715 -336.75
128.056 -336.719
128.397 -336.875
128.738 -336.531
129.079 -336.375
129.42 -335.562
129.761 -335.344
130.102 -335.25
130.443 -335.75
130.784 -335.688
131.124 -335.781
131.465 -336.25
131.806 -336.25
132.147 -336.344
132.488 -336.844
132.829 -336.781
133.169 -336.906
133.51 -338.094
133.851 -338.25
134.192 -338.438
134.532 -338.531
134.873 -338.406
135.214 -338.312
135.555 -338.25
135.896 -338.062
136.237 -337.75
136.578 -337.875
136.919 -337.75
137.26 -337.281
137.601 -337.125
137.942 -336.312
138.283 -336.375
138.624 -336.562
138.964 -336.781
139.305 -336.875
139.646 -337.344
139.987 -337.375
140.328 -337.469
140.669 -337.906
141.01 -337.875
141.351 -338.062
141.692 -339.281
142.033 -339.375
142.374 -339.312
142.715 -339.375
143.056 -339.25
143.397 -339.031
143.738 -339.094
144.079 -338.656
144.42 -338.688
144.761 -338.531
145.102 -338.281
145.443 -338.125
145.784 -337.375
146.124 -337.188
146.466 -337.562
146.807 -337.719
147.147 -337.656
147.488 -338.031
147.829 -338.219
148.17 -338.188
148.511 -338.562
148.852 -338.688
149.193 -339.219
149.534 -339.594
149.875 -339.875
150.216 -340.344
150.557 -340.406
150.898 -340.125
151.238 -340.031
151.579 -340.125
151.92 -339.812
152.261 -339.688
152.602 -339.75
152.943 -339.562
153.284 -339.406
153.625 -339.531
153.966 -338.656
154.307 -338.375
154.648 -338.281
154.989 -338.375
155.33 -338.344
155.671 -338.75
156.012 -338.812
156.352 -339.094
156.693 -339.344
157.034 -339.375
157.375 -339.531
157.716 -339.844
158.057 -340.031
158.398 -340.938
158.739 -341.25
159.079 -341.25
159.42 -340.906
159.761 -341.031
160.102 -341
160.443 -340.625
160.784 -340.688
161.125 -340.625
161.466 -340.281
161.807 -340.375
162.148 -339.75
162.489 -339.406
162.83 -338.969
163.171 -338.938
163.512 -338.969
163.853 -339.438
164.193 -339.438
164.534 -339.438
164.875 -339.938
165.216 -340
165.557 -340
165.898 -340.438
166.239 -340.562
166.58 -341.469
166.921 -341.875
167.262 -341.719
167.603 -341.594
167.944 -341.688
168.285 -341.406
168.626 -341.219
168.967 -341.094
169.308 -340.969
169.649 -340.875
169.99 -340.719
170.329 -340.375
170.672 -339.406
171.012 -339.562
171.352 -339.438
171.693 -339.625
172.034 -339.875
172.375 -339.875
172.716 -340.094
173.057 -340.375
173.398 -340.562
173.739 -340.5
174.08 -340.781
174.421 -341.344
174.762 -341.531
175.103 -342.406
175.444 -342.281
175.785 -342.156
176.126 -342.125
176.467 -341.969
176.808 -341.594
177.148 -341.75
177.49 -341.531
177.831 -341.25
178.171 -341.406
178.512 -340.781
178.853 -340.438
179.194 -340.438
179.535 -339.781
179.876 -339.719
180.217 -340.219
180.558 -340.156
180.899 -340.156
181.24 -340.625
181.581 -340.625
181.922 -340.781
182.263 -341.031
182.604 -341.031
182.945 -341.562
183.286 -342.031
183.627 -342.594
183.968 -342.531
184.309 -342.438
184.65 -342.281
184.991 -342.188
185.332 -342.094
185.673 -341.906
186.013 -341.719
186.354 -341.719
186.695 -341.562
187.036 -341
187.377 -340.969
187.718 -340.062
188.059 -339.969
188.4 -340.219
188.741 -340.375
189.082 -340.312
189.423 -340.812
189.764 -340.75
190.105 -340.75
190.446 -341.219
190.787 -341.156
191.128 -341.125
191.469 -341.938
191.81 -342.031
192.15 -342.125
192.491 -342.969
192.832 -342.844
193.173 -342.469
193.514 -342.625
193.855 -342.469
194.196 -342.125
194.537 -342.25
194.878 -342.094
195.219 -341.75
195.56 -341.906
195.901 -341.406
196.242 -341.188
196.583 -340.469
196.924 -340.281
197.264 -340.188
197.606 -340.594
197.946 -340.562
198.287 -340.5
198.628 -340.938
198.969 -340.875
199.31 -341.125
199.651 -341.344
199.992 -341.312
200.333 -341.562
200.674 -341.938
201.015 -342.062
201.356 -342.812
201.697 -343.094
202.037 -343
202.378 -342.625
202.719 -342.781
203.06 -342.656
203.401 -342.281
203.742 -342.344
204.083 -342.031
204.424 -341.906
204.765 -342.031
205.105 -341.438
205.447 -341.094
205.787 -340.5
206.128 -340.375
206.47 -340.562
206.811 -341
207.153 -340.906
207.494 -341.188
207.835 -341.625
208.177 -342.25
208.518 -342.438
208.859 -343.188
209.201 -342.812
209.542 -342.656
209.883 -342.625
210.225 -342.156
210.566 -341.875
210.907 -341.969
211.249 -340.969
211.59 -340.312
211.931 -340.594
212.272 -340.75
212.614 -340.906
212.955 -341.469
213.297 -341.406
213.638 -341.531
213.979 -342.75
214.321 -343.125
214.662 -342.75
215.004 -342.75
215.345 -342.5
215.687 -342.094
216.028 -342.094
216.369 -341.188
216.711 -340.844
217.052 -340.594
217.393 -340.75
217.735 -340.719
218.076 -341.219
218.417 -341.406
218.759 -341.594
219.1 -341.906
219.441 -342.688
219.783 -342.781
220.124 -342.531
220.465 -342.125
220.807 -340.594
221.148 -338.906
221.49 -337.219
221.831 -336.188
222.172 -335.781
222.514 -335.5
222.855 -335.438
223.196 -335.5
223.538 -334.688
223.879 -333.625
224.22 -333.938
224.562 -334
224.903 -329.969
225.245 -322.281
225.586 -312.75
225.927 -303.469
226.269 -295.188
226.61 -288.312
226.952 -282.25
227.293 -276.344
227.634 -271.844
227.976 -268.281
228.317 -265.188
228.659 -262.594
229 -260.531
229.341 -258.469
229.683 -256.656
230.024 -256.094
230.365 -254.656
230.706 -253.188
231.047 -252.031
231.388 -250.594
231.729 -249.562
232.07 -248.531
232.411 -247.594
232.752 -246.938
233.092 -246.25
233.433 -245.531
233.774 -243.969
234.115 -243.438
234.456 -243.031
234.797 -242.688
235.138 -242.406
235.479 -242.25
235.82 -241.781
236.161 -241.938
236.502 -241.5
236.843 -241.344
237.184 -241.219
237.525 -241.062
237.866 -241.688
238.206 -241.531
238.548 -240.812
238.889 -240.375
239.229 -240.062
239.57 -239.438
239.911 -239
240.252 -238.469
240.593 -238.188
240.934 -237.844
241.275 -237.031
241.616 -236.531
241.957 -235.562
242.298 -235.375
242.639 -235.656
242.98 -235.438
243.321 -235.562
243.662 -235.531
244.003 -235.375
244.344 -235.5
244.685 -235.406
245.026 -235.219
245.367 -235.844
245.708 -236
246.049 -236.406
246.39 -236.188
246.731 -235.625
247.072 -235.344
247.413 -234.906
247.754 -234.781
248.095 -234.438
248.436 -234.031
248.777 -233.719
249.118 -233.344
249.459 -233
249.8 -232
250.141 -231.625
250.482 -231.75
250.823 -231.844
251.164 -231.875
251.505 -231.781
251.847 -232.156
252.187 -232
252.528 -231.906
252.869 -232.219
253.21 -232
253.551 -232.5
253.892 -232.75
254.233 -232.75
254.574 -233.219
254.915 -232.906
255.256 -232.656
255.597 -232.438
255.938 -232.281
256.279 -232.031
256.621 -231.5
256.962 -231.594
257.303 -231.188
257.644 -231
257.985 -230.469
258.326 -230.031
258.667 -229.125
259.008 -229.25
259.348 -229.031
259.689 -229.312
260.031 -229.531
260.371 -229.531
260.713 -229.469
261.054 -230.031
261.395 -229.812
261.736 -229.938
262.077 -230.125
262.418 -229.938
262.759 -230.906
263.1 -231.25
263.441 -231.344
263.782 -231.188
264.123 -230.906
264.464 -230.625
264.805 -230.188
265.146 -230.281
265.487 -229.719
265.828 -229.562
266.168 -229.656
266.51 -229.094
266.851 -228.812
267.191 -228.719
267.533 -227.531
267.874 -227.312
268.214 -227.781
268.555 -227.656
268.897 -227.812
269.237 -228
269.578 -228.219
269.919 -228.156
270.26 -228.281
270.602 -228.375
270.943 -228.344
271.283 -229.688
271.624 -229.688
271.965 -229.594
272.306 -229.625
272.647 -229.344
272.988 -228.875
273.329 -228.875
273.67 -228.75
274.011 -228.188
274.352 -228.188
274.692 -227.875
275.033 -227.656
275.374 -227.562
275.715 -226.406
276.056 -226.094
276.397 -226.188
276.738 -226.281
277.078 -226.25
277.419 -226.531
277.76 -226.656
278.101 -226.594
278.442 -227.062
278.783 -227.094
279.124 -227.219
279.465 -227.344
279.806 -227.625
280.147 -228.594
280.488 -228.75
280.829 -228.656
281.17 -228.375
281.511 -228.094
281.852 -228.062
282.193 -227.844
282.534 -227.438
282.875 -227.469
283.216 -227.125
283.557 -226.969
283.898 -226.219
284.239 -225.875
284.58 -225.281
284.921 -225.438
285.262 -225.312
285.603 -225.719
285.944 -225.875
286.285 -225.969
286.626 -226
286.966 -226.281
287.307 -226.375
287.648 -226.344
287.989 -226.938
288.33 -226.906
288.671 -227.031
289.012 -228.219
289.353 -228.062
289.694 -227.688
290.035 -227.812
290.376 -227.344
290.717 -227.219
291.058 -227
291.4 -226.781
291.741 -226.5
292.082 -226.656
292.423 -225.906
292.764 -225.625
293.105 -225.531
293.446 -224.656
293.787 -224.625
294.127 -225.188
294.469 -225.125
294.81 -225.375
295.151 -225.562
295.492 -225.875
295.833 -225.844
296.173 -226
296.514 -226.125
296.855 -226.219
297.196 -227.5
297.538 -227.594
297.879 -227.812
298.22 -227.812
298.561 -227.344
298.902 -227.188
299.243 -227.219
299.584 -226.844
299.925 -226.719
300.265 -226.438
300.607 -226.469
300.948 -226
301.288 -225.844
301.629 -225.656
301.971 -224.594
302.312 -224.531
302.653 -225
302.994 -225
303.335 -225.219
303.676 -225.344
304.017 -225.344
304.358 -225.719
304.699 -226.031
305.04 -226
305.381 -226.906
305.722 -227.25
306.063 -227.312
306.404 -227.5
306.745 -227.562
307.086 -227.094
307.427 -226.969
307.768 -226.75
308.109 -226.594
308.45 -226.25
308.791 -226.344
309.132 -226.188
309.473 -225.656
309.814 -225.688
310.154 -225.25
310.496 -224.375
310.837 -224.594
311.178 -224.844
311.518 -224.844
311.859 -225.344
312.2 -225.281
312.542 -225.562
312.883 -225.844
313.223 -225.719
313.564 -225.938
313.905 -226.344
314.246 -226.375
314.587 -227.375
314.928 -227.719
315.268 -227.344
315.609 -227.219
315.95 -227.094
316.291 -226.906
316.632 -226.719
316.973 -226.469
317.314 -226.375
317.655 -226.062
317.996 -226.156
318.337 -225.062
318.678 -224.75
319.019 -224.719
319.36 -224.469
319.701 -224.531
320.042 -224.688
320.383 -225
320.724 -224.969
321.065 -225.438
321.406 -225.594
321.747 -225.688
322.088 -225.781
322.429 -226.5
322.77 -226.688
323.111 -227.625
323.452 -227.75
323.793 -227.25
324.134 -227.156
324.475 -227
324.816 -226.812
325.157 -226.719
325.498 -226.438
325.839 -226.25
326.18 -226
326.521 -226.094
326.862 -225.875
327.203 -224.875
327.544 -224.844
327.885 -224.438
328.225 -224.5
328.566 -224.781
328.907 -224.938
329.248 -224.906
329.589 -225.438
329.93 -225.312
330.271 -225.375
330.612 -225.781
330.953 -225.656
331.294 -226.094
331.636 -226.469
331.976 -227.281
332.317 -227.312
332.658 -227.25
332.999 -226.969
333.34 -226.875
333.681 -226.781
334.023 -226.625
334.364 -226.25
334.705 -226.312
335.046 -225.969
335.387 -225.906
335.728 -225.344
336.068 -225.031
336.41 -224.219
336.751 -224.406
337.092 -224.375
337.433 -224.75
337.774 -224.875
338.114 -225.125
338.455 -225.125
338.796 -225.562
339.137 -225.594
339.478 -225.531
339.82 -225.875
340.16 -226.094
340.501 -227.125
340.842 -227.25
341.183 -227.469
341.524 -227.219
341.865 -227.094
342.206 -226.844
342.547 -226.656
342.888 -226.219
343.229 -223.062
343.57 -220
343.911 -221.25
344.252 -221.531
344.593 -221.562
344.934 -221.625
345.275 -221.688
345.616 -221.844
345.957 -220.562
346.298 -218.938
346.639 -223.562
346.981 -233.25
347.321 -243.125
347.662 -251.031
348.003 -257.812
348.345 -264.094
348.686 -269.75
349.028 -275
349.369 -279.031
349.711 -282.188
350.052 -285.312
350.394 -288.125
350.735 -290.469
351.076 -292.625
351.418 -294.281
351.759 -296.188
352.101 -297.656
352.442 -299.969
352.783 -301.812
353.125 -303.281
353.466 -305.25
353.807 -306.719
354.149 -308.438
354.49 -309.938
354.832 -311.562
355.173 -312.188
355.514 -313.031
355.856 -313.469
356.197 -314.062
356.538 -314.75
356.88 -315.031
357.221 -314.688
357.563 -315.344
357.904 -315.969
358.245 -316.625
358.587 -317.594
358.928 -318.125
359.269 -318.688
359.611 -319.594
359.952 -320.875
360.294 -321.344
360.635 -321.719
360.976 -321.719
361.318 -321.656
361.659 -321.812
362 -322.062
362.342 -321.875
362.683 -321.344
363.025 -321.438
363.366 -321.656
363.707 -322.219
364.049 -322.75
364.39 -323.125
364.732 -323.719
365.073 -324.062
365.414 -325.062
365.756 -325.531
366.097 -325.438
366.438 -325.438
366.78 -325.406
367.121 -325.312
367.462 -325.156
367.804 -325.219
368.145 -324.562
368.487 -324.375
368.828 -324.875
369.169 -325.094
369.511 -325.438
369.852 -325.906
370.193 -326.344
370.535 -326.5
370.876 -327.594
371.217 -328.031
371.559 -327.75
371.9 -327.656
372.242 -327.75
372.583 -327.469
372.924 -327.438
373.266 -326.719
373.607 -326.531
373.948 -326.469
374.29 -326.969
374.631 -327.031
374.972 -327.406
375.314 -327.906
375.655 -328.188
375.996 -328.438
376.338 -329.562
376.679 -329.688
377.02 -329.469
377.362 -329.656
377.703 -329.281
378.044 -329.062
378.386 -328.969
378.727 -328.75
379.069 -327.875
379.41 -328.25
379.751 -328.438
380.092 -328.562
380.434 -329.156
380.775 -329.344
381.117 -329.969
381.458 -331.062
381.8 -331.094
382.141 -330.844
382.482 -330.812
382.824 -330.406
383.165 -330.344
383.507 -330.375
383.848 -329.594
384.189 -328.938
384.531 -329.438
384.872 -329.5
385.214 -329.688
385.555 -330.312
385.896 -330.531
386.238 -330.625
386.579 -331.844
386.921 -332.031
387.262 -331.719
387.603 -331.656
387.945 -331.531
388.286 -331.219
388.627 -331.031
388.969 -330
389.31 -329.844
389.651 -330.438
389.993 -330.594
390.334 -330.969
390.676 -331.438
391.017 -331.438
391.359 -332.344
391.7 -333.062
392.041 -332.688
392.383 -332.406
392.724 -332.562
393.066 -332.188
393.407 -331.844
393.748 -331.125
394.09 -330.812
394.431 -330.938
394.772 -331.469
395.114 -331.469
395.455 -331.812
395.796 -332.281
396.138 -332.938
396.479 -333.219
396.82 -334.031
397.162 -333.594
397.503 -333.281
397.844 -333.375
398.186 -333.031
398.527 -332.719
398.869 -331.969
399.21 -331.5
399.551 -331.562
399.893 -332.062
400.234 -332.312
400.575 -332.594
400.917 -332.875
401.258 -333.25
401.599 -334.219
401.941 -334.5
402.282 -334.375
402.623 -334.062
402.965 -333.906
403.306 -333.594
403.648 -333.5
403.989 -333.188
404.33 -332.219
404.672 -332.219
405.013 -332.469
405.355 -332.688
405.696 -333
406.037 -333.406
406.379 -333.844
406.72 -334.062
407.061 -335.094
407.403 -335
407.744 -334.906
408.085 -334.719
408.427 -334.469
408.768 -334.094
409.109 -334.125
409.451 -333.75
409.792 -332.719
410.133 -332.812
410.475 -333.031
410.816 -333.188
411.157 -333.5
411.499 -333.938
411.84 -334.125
412.182 -334.312
412.523 -335.5
412.864 -335.594
413.206 -335.281
413.547 -335.438
413.889 -335
414.23 -334.688
414.571 -334.594
414.913 -333.719
415.254 -333.5
415.596 -333.281
415.937 -333.5
416.278 -333.688
416.62 -333.969
416.961 -334.188
417.303 -334.406
417.644 -335.219
417.985 -336
418.327 -336
418.668 -336
419.009 -335.656
419.351 -335.219
419.692 -335.406
420.034 -335.094
420.375 -334.625
420.716 -333.938
421.058 -333.719
421.399 -333.688
421.741 -334.188
422.082 -334.375
422.423 -334.594
422.765 -335.094
423.106 -335.156
423.448 -336.031
423.789 -336.531
424.13 -336.094
424.472 -336
424.813 -335.906
425.154 -335.531
425.496 -335.25
425.837 -335.375
426.179 -334.344
426.52 -334
426.862 -334.562
427.203 -334.688
427.545 -334.906
427.886 -335.406
428.227 -335.375
428.569 -336.156
428.91 -336.875
429.252 -336.438
429.593 -336.344
429.934 -336.312
430.276 -335.906
430.617 -335.625
430.959 -335.125
431.3 -334.812
431.641 -334.281
431.983 -334.812
432.324 -334.969
432.665 -334.938
433.007 -335.469
433.348 -335.656
433.689 -335.625
434.031 -336.75
434.372 -337.062
434.713 -336.688
435.055 -336.812
435.396 -336.531
435.737 -336.125
436.079 -336.062
436.42 -335.969
436.761 -334.938
437.103 -334.75
437.444 -334.938
437.785 -335.062
438.127 -335.406
438.468 -335.75
438.809 -335.75
439.151 -336.219
439.492 -337.25
439.833 -337.188
440.175 -337.125
440.516 -337
440.858 -336.562
441.199 -336.375
441.54 -336.469
441.882 -335.812
442.223 -334.875
442.564 -335.156
442.906 -335.125
443.247 -335.312
443.588 -335.938
443.93 -336
444.271 -336.562
444.613 -332.312
444.954 -329.062
445.295 -329.938
445.637 -329.469
445.978 -330.844
446.319 -331.625
446.661 -331.719
447.002 -331.312
447.344 -331.062
447.685 -331.344
448.026 -331.812
448.368 -331.406
448.709 -331.656
449.051 -331.906
449.392 -332
449.734 -332.656
450.075 -333.25
450.416 -332.656
450.758 -332.312
451.099 -333.094
451.441 -333.719
451.782 -333.594
452.124 -332.719
452.465 -333.125
452.806 -333.938
453.147 -333.312
453.489 -333.719
453.83 -333.812
454.172 -333.844
454.513 -334.156
454.855 -334.75
455.196 -335.125
455.537 -335.312
455.879 -334.438
456.22 -334.25
456.561 -334.094
456.903 -334.156
457.244 -333.562
457.586 -333.688
457.927 -334.125
458.268 -333.844
458.61 -334.844
458.951 -334.75
459.293 -334.375
459.634 -335.625
459.976 -335.594
460.317 -335.938
460.658 -335.219
461 -334.344
461.341 -335.312
461.682 -334.688
462.024 -335.25
462.365 -333.469
462.706 -334.656
463.048 -335.75
463.389 -335.156
463.73 -335.5
464.072 -337.094
464.413 -339.875
464.754 -341.469
465.095 -342.469
465.437 -343
465.778 -343.25
466.119 -341.781
466.46 -340.031
466.802 -339.375
467.143 -293.656
467.484 -244.625
467.825 -240.594
468.165 -238.031
468.506 -231.344
468.847 -229.156
469.188 -227.562
469.529 -226.031
469.869 -225.438
470.21 -224.688
470.551 -224.906
470.892 -224.406
471.233 -224.406
471.573 -225.188
471.914 -225.375
472.255 -226.031
472.596 -225.938
472.937 -225.5
473.277 -225.781
473.618 -226.094
473.959 -224.844
474.299 -225.75
474.64 -225.906
474.981 -225.438
475.322 -224.938
475.663 -225.25
476.004 -225.406
476.344 -224.844
476.685 -225.688
477.026 -225.062
477.367 -225.188
477.707 -225.5
478.048 -225.531
478.389 -226.125
478.73 -226.438
479.07 -225.688
479.411 -225.719
479.752 -225.844
480.093 -226.5
480.434 -227.375
480.775 -227.094
481.115 -227.094
481.456 -227.438
481.796 -227.219
482.137 -226.375
482.478 -229.062
482.819 -231.094
483.159 -232.188
483.5 -232.25
483.841 -232.125
484.182 -232.125
484.523 -231.969
484.863 -229.938
485.204 -225.469
485.545 -234.875
485.886 -250.75
486.227 -309.125
486.568 -329.344
486.909 -331.875
487.251 -333.5
487.592 -333.594
487.933 -333.906
488.275 -334.375
488.616 -335
488.957 -335.156
489.298 -335.062
489.64 -335.188
489.981 -335.344
490.322 -334.656
490.663 -334.562
491.005 -334.656
491.346 -334.75
491.687 -334.688
492.029 -335.562
492.37 -336.625
492.711 -335.875
493.053 -335.094
493.394 -335.781
493.735 -336.25
494.077 -336.25
494.418 -336.156
494.759 -336.281
495.101 -336.344
495.442 -336.125
495.783 -336.531
496.124 -335.875
496.466 -334.938
496.807 -335.844
497.148 -336.688
497.49 -337
497.831 -336.906
498.172 -336.438
498.514 -337.312
498.855 -337.656
499.196 -338.312
499.538 -338.656
499.879 -337.031
500.22 -337.281
500.561 -338.312
500.903 -337.531
501.244 -336.281
501.585 -336.625
501.926 -336.312
502.268 -336.875
502.609 -337.156
502.95 -337.906
503.292 -337.219
503.633 -338
503.974 -337.125
504.316 -338.688
504.657 -337.625
504.998 -337.469
505.34 -338.219
505.681 -337.438
506.022 -337.594
506.364 -337.188
506.705 -337.469
507.046 -336.906
507.388 -336.531
507.729 -338.531
508.07 -338.188
508.412 -337.969
508.753 -338.25
509.094 -338.594
509.436 -338.156
509.777 -337.969
510.118 -338.844
510.46 -338.531
510.801 -338.188
511.142 -337.969
511.484 -337.531
511.825 -338.062
512.166 -338.531
512.507 -337.312
512.849 -337.75
513.19 -337.562
513.531 -337.719
513.873 -338.594
514.214 -338.5
514.555 -338.844
514.897 -338.031
515.238 -339.406
515.579 -338.219
515.92 -338.062
516.262 -338.125
516.603 -339.156
516.944 -338.156
517.286 -337.406
517.627 -338.781
517.968 -336.375
518.31 -338.625
518.651 -337.312
518.992 -337.594
519.334 -337.781
519.675 -338.062
520.016 -338.094
520.358 -339.656
520.699 -340.25
521.04 -345.438
521.382 -347.344
521.723 -348.312
522.064 -348.844
522.406 -349.094
522.747 -349.188
523.088 -346.531
523.43 -346.375
523.771 -309.938
524.112 -259.344
524.453 -240.969
524.794 -231.625
525.135 -233.562
525.476 -234.656
525.817 -233.344
526.158 -233.5
526.499 -232.312
526.84 -233.438
527.18 -233.406
527.521 -233.188
527.862 -233.375
528.203 -232.844
528.544 -232
528.885 -232.531
529.226 -233.5
529.567 -233.562
529.908 -231.969
530.248 -232.406
530.589 -232.344
530.93 -231.938
531.271 -232.094
531.612 -232.125
531.953 -231.562
532.294 -232.531
532.635 -231.875
532.976 -232.875
533.316 -232.406
533.657 -232.125
533.998 -233.188
534.339 -232.5
534.68 -232.688
535.021 -233.188
535.362 -233.469
535.703 -232.594
536.043 -233.719
536.385 -233.375
536.725 -233.438
537.066 -234.156
537.407 -233.594
537.748 -233.25
538.089 -233.656
538.43 -233.75
538.771 -232.688
539.111 -233.875
539.453 -233.062
539.794 -234.125
540.134 -233.469
540.475 -232.562
540.816 -233.562
541.157 -233.656
541.498 -234.094
541.839 -233.844
542.18 -233.781
542.521 -233.594
542.862 -233.406
543.203 -234.719
543.544 -234.281
543.885 -233.656
544.226 -233.469
544.567 -233.969
544.908 -234.562
545.248 -234.969
545.59 -234.312
545.93 -234.781
546.271 -235.156
546.613 -234.156
546.953 -233.062
547.294 -234.812
547.635 -233.906
547.976 -233.969
548.317 -233.969
548.658 -234.156
548.999 -232.938
549.34 -233.875
549.681 -232.812
550.022 -233.438
550.363 -233.156
550.704 -234.375
551.044 -235.062
551.385 -233.469
551.726 -234.688
552.066 -235.031
552.407 -234.625
552.748 -235.125
553.089 -234.375
553.43 -236.375
553.771 -234.562
554.112 -235.562
554.453 -234.875
554.794 -235.406
555.135 -235.281
555.476 -235.312
555.816 -234.594
556.157 -235.906
556.498 -234.906
556.839 -235
557.18 -234.312
557.521 -234.156
557.862 -234.688
558.203 -234.438
558.544 -234.281
558.885 -235.062
559.226 -234.531
559.566 -234.5
559.907 -234.844
560.248 -234.25
560.589 -235.25
560.93 -236
561.271 -240.375
561.612 -242.656
561.953 -243.344
562.294 -243.469
562.635 -243.469
562.976 -243.406
563.316 -243.25
563.657 -243.125
563.998 -243.188
564.339 -236.312
564.68 -235.156
565.021 -241.75
565.362 -303.562
565.703 -331.594
566.045 -337.156
566.386 -337.812
566.728 -338.406
567.069 -339.688
567.41 -338.688
567.752 -339.094
568.093 -337.906
568.434 -339.375
568.776 -339.938
569.117 -339.531
569.458 -339.812
569.8 -339.062
570.141 -338.375
570.483 -338.875
570.824 -339.125
571.165 -339.469
571.507 -338.562
571.848 -338.656
572.189 -339.75
572.531 -338.281
572.872 -338.312
573.213 -338.875
573.555 -339.344
573.896 -339.438
574.237 -339.875
574.579 -339.562
574.92 -339.344
575.261 -339.188
575.603 -340.656
575.944 -339.469
576.285 -338.75
576.627 -339.312
576.968 -339
577.309 -338.125
577.651 -338.719
577.992 -339.406
578.333 -338.406
578.675 -339
579.016 -338.75
579.357 -339.844
579.699 -339.25
580.04 -340.531
580.382 -339.062
580.723 -339.625
581.064 -339.594
581.405 -339.031
581.747 -339.656
582.088 -340.219
582.43 -339.25
582.771 -339.312
583.112 -339.375
583.454 -338.156
583.796 -339.312
584.137 -339.156
584.478 -338.188
584.82 -338.5
585.161 -338.812
585.503 -338.906
585.844 -339.688
586.185 -339.906
586.527 -339.531
586.868 -339.312
587.209 -339.094
587.551 -338.688
587.892 -339.469
588.233 -339.125
588.575 -338.906
588.916 -338.656
589.258 -339
589.599 -339.062
589.94 -338.875
590.282 -338.906
590.623 -338.531
590.964 -338.219
591.306 -339.25
591.647 -338.875
591.988 -339.062
592.329 -339.969
592.671 -339.75
593.012 -339.75
593.353 -339
593.695 -339
594.036 -339.188
594.377 -338.812
594.718 -339.719
595.06 -338.594
595.401 -338.344
595.742 -338.469
596.084 -338.844
596.425 -338.25
596.766 -338.844
597.108 -338.562
597.449 -338.5
597.79 -338.812
598.132 -338
598.473 -339.219
598.814 -339.875
599.156 -339.312
599.497 -339.031
599.838 -339.5
600.18 -338.875
600.521 -339.25
600.862 -339.188
601.204 -338.688
601.545 -338.906
601.886 -337.75
602.228 -338.562
602.569 -338.156
602.91 -338.406
603.252 -338.75
603.593 -342.688
603.934 -345.656
604.276 -347
604.617 -347.75
604.958 -348.25
605.3 -348.531
605.641 -348.312
605.982 -346.625
606.324 -342.438
606.665 -323.188
607.006 -241.406
607.347 -237.25
607.688 -235.531
608.029 -234.312
608.37 -234.5
608.711 -234.188
609.052 -234.625
609.393 -233.344
609.734 -234.031
610.074 -233.75
610.415 -234.094
610.756 -233.969
611.097 -233.906
611.438 -234.312
611.779 -234.25
612.12 -232.125
612.461 -234.844
612.802 -234.188
613.143 -233.656
613.484 -234.531
613.825 -235.25
614.166 -234.281
614.507 -234.312
614.848 -234.375
615.188 -233.75
615.529 -234.656
615.87 -233.438
616.211 -233.562
616.552 -233.625
616.893 -234.469
617.234 -235.156
617.575 -235.906
617.916 -233.438
618.257 -233.781
618.598 -233.312
618.939 -234.219
619.279 -234.281
619.62 -233.5
619.961 -233.219
620.302 -234.625
620.643 -234.031
620.984 -234.062
621.325 -235.562
621.666 -234.594
622.007 -234.094
622.348 -234.219
622.689 -234.688
623.03 -233.906
623.371 -234.594
623.712 -234.594
624.052 -234.938
624.394 -233.625
624.734 -234.062
625.075 -234.469
625.416 -234.625
625.757 -235.312
626.098 -233.938
626.439 -234.406
626.78 -235.375
627.121 -235.344
627.462 -235
627.803 -233.625
628.142 -234.062
628.483 -233.031
628.824 -234.469
629.165 -233.188
629.506 -233.781
629.847 -233.156
630.188 -234.094
630.529 -233.375
630.87 -234.625
631.211 -234.719
631.552 -234.344
631.893 -235.094
632.233 -235.156
632.574 -233.594
632.915 -234.281
633.256 -233.812
633.597 -234.219
633.938 -234.688
634.279 -235.438
634.62 -233.781
634.961 -234.438
635.301 -236.031
635.642 -235.219
635.983 -235.031
636.324 -234.5
636.665 -234.406
637.006 -234.281
637.347 -235.062
637.688 -235.125
638.029 -234.062
638.37 -235.062
638.711 -234.656
639.051 -235.562
639.393 -233.625
639.734 -233.125
640.075 -233.938
640.416 -233.438
640.757 -234.125
641.098 -234.656
641.439 -234.719
641.78 -234.906
642.121 -233.094
642.461 -234.594
642.802 -234.281
643.143 -234.25
643.484 -236.125
643.825 -235.375
644.166 -236.031
644.507 -236.062
644.848 -236.281
645.189 -235.062
645.53 -234.938
645.871 -235.562
646.212 -235.344
646.553 -235.156
646.894 -234.062
647.235 -235.031
647.575 -234.094
647.916 -234.531
648.257 -235.031
648.598 -234
648.939 -234.938
649.28 -234.656
649.621 -233.812
649.962 -233.969
650.303 -236.062
650.644 -235.406
650.985 -234.312
651.326 -234.25
651.667 -234.875
652.008 -234.656
652.349 -234.5
652.69 -234.781
653.031 -234.312
653.372 -234.625
653.713 -235.625
654.054 -236.406
654.395 -243.594
654.736 -245.406
655.076 -245.906
655.417 -246.062
655.758 -246.125
656.099 -246.031
656.44 -238.312
656.781 -239.031
657.122 -265.375
657.464 -319.562
657.805 -339.5
658.146 -338.875
658.488 -339.281
658.829 -339.969
659.17 -337.875
659.512 -338.938
659.853 -339.156
660.195 -338.812
660.536 -338.281
660.877 -338.125
661.219 -337.969
661.56 -338.25
661.902 -337.625
662.243 -338.188
662.585 -338.656
662.926 -337.5
663.267 -338.219
663.609 -338.719
663.95 -338.656
664.292 -338.344
664.633 -338.781
664.974 -338.531
665.316 -339.562
665.657 -337.844
665.999 -339.125
666.34 -339
666.681 -338.781
667.023 -339.125
667.364 -338.5
667.706 -338.281
668.047 -338.094
668.389 -338.844
668.73 -339.031
669.071 -338.969
669.413 -339.781
669.754 -338.594
670.096 -339.125
670.437 -339.75
670.778 -338.812
671.12 -339.375
671.461 -338.906
671.803 -338.219
672.144 -338.812
672.486 -338.312
672.827 -338.25
673.168 -338.719
673.51 -339
673.851 -339
674.192 -339.344
674.534 -338.375
674.875 -339.531
675.216 -339.969
675.558 -339.344
675.899 -339.812
676.24 -339.062
676.582 -339.656
676.923 -339.5
677.264 -339.156
677.606 -339.219
677.947 -339.031
678.289 -338.156
678.63 -338.875
678.971 -338.188
679.313 -338.844
679.654 -339.5
679.995 -339.438
680.337 -338.781
680.678 -339.688
681.019 -340.219
681.361 -340.312
681.702 -339.625
682.044 -339.875
682.385 -340.062
682.726 -339.625
683.068 -339.125
683.409 -339.938
683.751 -339.344
684.092 -338.75
684.433 -339.25
684.775 -339.625
685.116 -340.219
685.457 -339.688
685.799 -338.562
686.14 -338.969
686.481 -340.25
686.823 -340.062
687.164 -339.875
687.506 -339.531
687.847 -339.562
688.188 -340.094
688.53 -338.688
688.871 -338.781
689.213 -338.594
689.554 -338.469
689.895 -339.688
690.237 -338.156
690.578 -339.281
690.919 -338.562
691.261 -339.562
691.602 -339.781
691.943 -339.219
692.285 -339.469
692.626 -339.562
692.968 -339.562
693.309 -339.25
693.65 -340
693.992 -339.844
694.333 -339.344
694.674 -337.531
695.016 -339.344
695.357 -339.906
695.699 -339.062
696.04 -339.625
696.382 -339.625
696.723 -340.094
697.064 -339.094
697.406 -339.344
697.747 -339.625
698.089 -340.094
698.43 -340.406
698.771 -339.438
699.113 -338.906
699.454 -339.062
699.796 -338.625
700.137 -338.75
700.478 -338.562
700.82 -338.031
701.161 -338.188
701.503 -338.781
701.844 -338.938
702.186 -339.844
702.527 -339.156
702.868 -338.969
703.21 -339.344
703.551 -339.469
703.892 -338.906
704.234 -339.094
704.575 -339.75
704.917 -339.062
705.258 -338.719
705.599 -338.281
705.941 -338.562
706.282 -338.438
706.624 -338.688
706.965 -338.375
707.307 -341.312
707.648 -345.031
707.989 -346.781
708.331 -347.469
708.672 -347.844
709.014 -348.125
709.355 -344.688
709.697 -349.375
710.038 -343.375
710.379 -251.969
710.72 -236.094
711.061 -234.438
711.402 -234.969
711.743 -234.688
712.084 -235.031
712.426 -234.969
712.767 -234.906
713.107 -234.625
713.449 -234.906
713.79 -234.844
714.13 -235.469
714.471 -234.812
714.812 -235.031
715.153 -235.344
715.494 -235.531
715.835 -235.719
716.176 -234.344
716.518 -234.875
716.859 -234.938
717.199 -234.219
717.541 -233.625
717.882 -234.625
718.222 -233.844
718.563 -234.625
718.904 -235.094
719.245 -234.75
719.587 -235.656
719.928 -234.25
720.269 -234.719
720.61 -234.406
720.951 -235.094
721.292 -235.25
721.633 -235.25
721.974 -235.312
722.315 -234.844
722.656 -236.062
722.997 -234.469
723.338 -234.469
723.679 -234.531
724.02 -234.75
724.361 -234.719
724.702 -235.188
725.043 -233.812
725.384 -233.719
725.725 -235.031
726.066 -233.938
726.407 -234.906
726.748 -234.562
727.089 -234.062
727.43 -233.562
727.772 -234.938
728.112 -235.312
728.454 -234.281
728.795 -235
729.136 -235.344
729.476 -235.906
729.817 -235.094
730.158 -235.094
730.499 -234.344
730.84 -234.594
731.181 -232.938
731.522 -234.062
731.863 -234.719
732.204 -234.062
732.545 -235.156
732.886 -233.875
733.227 -234.562
733.568 -235.125
733.91 -235
734.25 -234.906
734.591 -234.656
734.933 -235.25
735.273 -234.438
735.615 -234.562
735.956 -235
736.297 -234.75
736.638 -234.875
736.979 -234.719
737.32 -234.562
737.661 -234.5
738.002 -234
738.343 -233.938
738.684 -235.094
739.025 -235.156
739.366 -233.844
739.707 -234.344
740.048 -234.219
740.389 -234.688
740.73 -234.75
741.071 -234.406
741.412 -234.906
741.754 -234.844
742.094 -234.875
742.436 -233.875
742.777 -234.281
743.118 -234.375
743.459 -234.219
743.8 -234.375
744.141 -235.156
744.482 -233.938
744.823 -233.406
745.164 -234.75
745.506 -234.375
745.847 -235.375
746.188 -233.875
746.529 -233.875
746.87 -235.094
747.211 -235.594
747.552 -235.031
747.893 -235.938
748.234 -236.094
748.575 -233.688
748.916 -235.469
749.257 -235.5
749.598 -234.406
749.939 -235.188
750.28 -234.25
750.621 -234.719
750.962 -235.219
751.303 -234.5
751.644 -234.438
751.985 -235
752.326 -233.844
752.667 -235.031
753.008 -234.938
753.349 -234.656
753.69 -234.656
754.031 -235.875
754.372 -236.188
754.713 -234.781
755.054 -234.438
755.395 -234.156
755.736 -235.625
756.077 -233.844
756.418 -235.875
756.759 -234.312
757.1 -234.531
757.441 -233.625
757.782 -234.594
758.123 -235.125
758.464 -234.719
758.805 -234
759.146 -234.719
759.487 -234.875
759.828 -234.719
760.169 -234.938
760.51 -235.094
760.851 -234.375
761.192 -234.75
761.533 -234.844
761.874 -234.438
762.215 -235.438
762.556 -235.469
762.897 -234.875
763.238 -235.188
763.579 -234.375
763.92 -234.75
764.261 -235.312
764.602 -235.562
764.943 -234.969
765.284 -234.656
765.625 -235.406
765.966 -234.969
766.307 -234.625
766.648 -234.719
766.989 -234.406
767.33 -233.969
767.671 -236.438
768.012 -234.375
768.353 -235.406
768.694 -235.188
769.035 -235.75
769.376 -234.781
769.717 -235.156
770.058 -234.719
770.399 -235.312
770.74 -235.938
771.081 -235.094
771.422 -233.562
771.763 -234.688
772.104 -233.688
772.445 -234.375
772.787 -234.656
773.127 -235.156
773.469 -235.344
773.81 -235.062
774.151 -234.281
774.492 -234.562
774.833 -236.281
775.174 -236.062
775.515 -235.438
775.856 -234.656
776.196 -235.125
776.537 -235.969
776.877 -234.938
777.218 -235.562
777.559 -233.938
