  -1000.00000     -0.300102323    
  -900.000000     -0.310716182    
  -800.000000     -0.305079401    
  -700.000000     -0.303132534    
  -600.000000     -0.301619589    
  -500.000000     -0.301032960    
  -400.000000     -0.296202391    
  -300.000000     -0.287660092    
  -200.000000     -0.274777323    
  -100.000000     -0.266858310    
   0.00000000     -0.268219560    
   100.000000     -0.279449165    
   200.000000     -0.291288525    
   300.000000     -0.299086928    
   400.000000     -0.301472604    
   500.000000     -0.303300053    
   600.000000     -0.304353476    
   700.000000     -0.305011094    
   800.000000     -0.305236489    
   900.000000     -0.305069506    
   1000.00000     -0.305430353    
   1000.00000     -0.303555310    
   900.000000     -0.302296400    
   800.000000     -0.301684141    
   700.000000     -0.301750779    
   600.000000     -0.302460074    
   500.000000     -0.302951038    
   400.000000     -0.303871840    
   300.000000     -0.301774085    
   200.000000     -0.287738144    
   100.000000     -0.265102655    
   0.00000000     -0.263949931    
  -100.000000     -0.272945523    
  -200.000000     -0.283525109    
  -300.000000     -0.290146798    
  -400.000000     -0.294161797    
  -500.000000     -0.296661109    
  -600.000000     -0.300241709    
  -700.000000     -0.302816153    
  -800.000000     -0.305189520    
  -900.000000     -0.306302875    
  -1000.00000     -0.310258269    
