  -1100.00000     -0.305457622    
  -1100.00000     -0.307860225    
  -1000.00000     -0.308551788    
  -900.000000     -0.308766365    
  -800.000000     -0.308095187    
  -700.000000     -0.306740016    
  -600.000000     -0.303535581    
  -500.000000     -0.298805892    
  -400.000000     -0.291725338    
  -300.000000     -0.282731920    
  -200.000000     -0.272589862    
  -100.000000     -0.266989976    
   0.00000000     -0.266750187    
   100.000000     -0.272174597    
   200.000000     -0.281544477    
   300.000000     -0.288961619    
   400.000000     -0.293108314    
   500.000000     -0.295666963    
   600.000000     -0.297665834    
   700.000000     -0.299182296    
   800.000000     -0.301325530    
   900.000000     -0.300980330    
   900.000000     -0.301926345    
   800.000000     -0.301963836    
   700.000000     -0.301961094    
   600.000000     -0.301098466    
   500.000000     -0.298941344    
   400.000000     -0.295030683    
   300.000000     -0.287046283    
   200.000000     -0.275399834    
   100.000000     -0.269849658    
   0.00000000     -0.269996971    
  -100.000000     -0.273748398    
  -200.000000     -0.281895667    
  -300.000000     -0.289826721    
  -400.000000     -0.295264155    
  -500.000000     -0.299048334    
  -600.000000     -0.302744448    
  -700.000000     -0.305882424    
  -800.000000     -0.308626920    
  -900.000000     -0.310753196    
  -1000.00000     -0.305621445    
  -1100.00000     -0.314346105    
