  -1000.00000     -0.298491955    
  -900.000000     -0.301132530    
  -800.000000     -0.298675448    
  -700.000000     -0.298367560    
  -600.000000     -0.299883127    
  -500.000000     -0.298733920    
  -400.000000     -0.298191518    
  -300.000000     -0.295313060    
  -200.000000     -0.288706809    
  -100.000000     -0.280393094    
   0.00000000     -0.266045809    
   100.000000     -0.289123803    
   200.000000     -0.298192650    
   300.000000     -0.298696071    
   400.000000     -0.301693052    
   500.000000     -0.303009838    
   600.000000     -0.304642797    
   700.000000     -0.305565983    
   800.000000     -0.306054950    
   900.000000     -0.305978388    
   1000.00000     -0.306095093    
   1000.00000     -0.306621432    
   900.000000     -0.302782893    
   800.000000     -0.299935400    
   700.000000     -0.299356073    
   600.000000     -0.299437463    
   500.000000     -0.300355613    
   400.000000     -0.301368892    
   300.000000     -0.303882837    
   200.000000     -0.301703602    
   100.000000     -0.291929811    
   0.00000000     -0.257344902    
  -100.000000     -0.266434133    
  -200.000000     -0.287271470    
  -300.000000     -0.292136580    
  -400.000000     -0.295164973    
  -500.000000     -0.297710538    
  -600.000000     -0.300376922    
  -700.000000     -0.303586423    
  -800.000000     -0.305333048    
  -900.000000     -0.307018042    
  -1000.00000     -0.309970766    
