   2.00760007      -182.940002    
   3.01139998      -183.359985    
   4.01520014      -182.759949    
   5.01900005      -182.580002    
   6.02279997      -183.000031    
   7.02659988      -183.000031    
   8.03040028      -183.600006    
   9.03419971      -182.580002    
   10.0380001      -183.000031    
   11.0417995      -183.000031    
   12.0455999      -183.000031    
   13.0494003      -183.000031    
   14.0531998      -183.000031    
   15.0570002      -183.000031    
   16.0608006      -183.000031    
   17.0646000      -183.000031    
   18.0683994      -182.400055    
   19.0722008      -182.819992    
   20.0760002      -183.419968    
   21.0797997      -183.000031    
   22.0835991      -183.000031    
   23.0874004      -183.000031    
   24.0911999      -182.400055    
   25.0949993      -182.819992    
   26.0988007      -182.819992    
   27.1026001      -182.819992    
   28.1063995      -182.819992    
   29.1102009      -182.819992    
   30.1140003      -182.819992    
   31.1177998      -182.819992    
   32.1216011      -182.819992    
   33.1254005      -182.219971    
   34.1292000      -182.639999    
   35.1329994      -182.040024    
   36.1367989      -182.460022    
   37.1405983      -182.460022    
   38.1444016      -182.460022    
   39.1482010      -181.859985    
   40.1520004      -182.279984    
   41.1557999      -182.279984    
   42.1595993      -182.279984    
   43.1633987      -182.279984    
   44.1671982      -181.680008    
   45.1710014      -180.900009    
   46.1748009      -179.939972    
   47.1786003      -180.600021    
   48.1823997      -171.419983    
   49.1861992      -167.940002    
   50.1899986      -328.079987    
   51.1938019      -270.780029    
   52.1976013      -259.919983    
   53.2014008      -263.520050    
   54.2052002      -264.239990    
   55.2089996      -265.739990    
   56.2127991      -266.340027    
   57.2165985      -267.240021    
   58.2204018      -268.799927    
   59.2242012      -269.579956    
   60.2280006      -270.600006    
   61.2318001      -270.840027    
   62.2355995      -271.919952    
   63.2393990      -273.000061    
   64.2432022      -272.880035    
   65.2470016      -273.600006    
   66.2508011      -274.320007    
   67.2546005      -274.439941    
   68.2584000      -274.980011    
   69.2621994      -274.919922    
   70.2659988      -275.280029    
   71.2697983      -276.240021    
   72.2735977      -276.179962    
   73.2773972      -275.939972    
   74.2811966      -276.720062    
   75.2850037      -277.079956    
   76.2888031      -276.840057    
   77.2926025      -277.019989    
   78.2964020      -277.799988    
   79.3002014      -277.560059    
   80.3040009      -277.740021    
   81.3078003      -277.919952    
   82.3115997      -278.099976    
   83.3153992      -278.279968    
   84.3191986      -278.460083    
   85.3229980      -278.639984    
   86.3267975      -278.819977    
   87.3305969      -278.399994    
   88.3343964      -278.999969    
   89.3382034      -279.180084    
   90.3420029      -278.760010    
   91.3458023      -279.359985    
   92.3496017      -279.539978    
   93.3534012      -279.720001    
   94.3572006      -279.299957    
   95.3610001      -279.900055    
   96.3647995      -279.480011    
   97.3685989      -280.079987    
   98.3723984      -279.660034    
   99.3761978      -279.660034    
   100.379997      -279.660034    
   101.383797      -280.260010    
   102.387604      -281.640015    
   103.391403      -280.379974    
   104.395203      -280.379974    
   105.399002      -279.779999    
   106.402802      -280.200043    
   107.406601      -280.200043    
   108.410400      -280.200043    
   109.414200      -280.200043    
   110.417999      -280.200043    
   111.421799      -280.800018    
   112.425598      -280.379974    
   113.429398      -280.379974    
   114.433197      -280.379974    
   115.436996      -280.379974    
   116.440804      -280.979950    
   117.444603      -279.960022    
   118.448402      -280.379974    
   119.452202      -280.379974    
   120.456001      -280.379974    
   121.459801      -280.379974    
   122.463600      -280.379974    
   123.467400      -280.379974    
   124.471199      -280.379974    
   125.474998      -280.379974    
   126.478798      -280.379974    
   127.482597      -280.379974    
   128.486404      -279.779999    
   129.490204      -280.200043    
   130.494003      -280.200043    
   131.497803      -280.200043    
   132.501602      -280.200043    
   133.505402      -280.200043    
   134.509201      -280.200043    
   135.513000      -280.200043    
   136.516800      -280.200043    
   137.520599      -280.200043    
   138.524399      -280.200043    
   139.528198      -280.200043    
   140.531998      -280.200043    
   141.535797      -280.200043    
   142.539597      -280.200043    
   143.543396      -280.200043    
   144.547195      -280.200043    
   145.550995      -280.200043    
   146.554794      -280.800018    
   147.558594      -279.779999    
   148.562393      -280.200043    
   149.566193      -280.200043    
   150.570007      -280.200043    
   151.573807      -280.200043    
   152.577606      -280.200043    
   153.581406      -279.599945    
   154.585205      -279.420013    
   155.589005      -279.839966    
   156.592804      -279.839966    
   157.596603      -279.839966    
