   2.00760007      -182.820007    
   3.01139998      -183.359985    
   4.01520014      -182.639954    
   5.01900005      -182.460022    
   6.02279997      -183.000000    
   7.02659988      -183.000000    
   8.03040028      -183.719971    
   9.03419971      -182.460022    
   10.0380001      -183.000000    
   11.0417995      -183.000000    
   12.0455999      -183.000000    
   13.0494003      -183.000000    
   14.0531998      -183.000000    
   15.0570002      -183.000000    
   16.0608006      -183.000000    
   17.0646000      -183.000000    
   18.0683994      -182.280029    
   19.0722008      -182.820007    
   20.0760002      -183.539978    
   21.0797997      -183.000000    
   22.0835991      -183.000000    
   23.0874004      -183.000000    
   24.0911999      -182.280029    
   25.0949993      -182.820007    
   26.0988007      -182.820007    
   27.1026001      -182.820007    
   28.1063995      -182.820007    
   29.1102009      -182.820007    
   30.1140003      -182.820007    
   31.1177998      -182.820007    
   32.1216011      -182.820007    
   33.1254005      -182.099976    
   34.1292000      -182.640015    
   35.1329994      -181.920044    
   36.1367989      -182.460022    
   37.1405983      -182.460022    
   38.1444016      -182.460022    
   39.1482010      -181.739990    
   40.1520004      -182.280029    
   41.1557999      -182.280029    
   42.1595993      -182.280029    
   43.1633987      -182.280029    
   44.1671982      -181.560059    
   45.1710014      -180.659973    
   46.1748009      -179.579956    
   47.1786003      -180.480042    
   48.1823997      -169.500000    
   49.1861992      -165.900024    
   50.1899986      -358.679993    
   51.1938019      -280.739990    
   52.1976013      -264.719971    
   53.2014008      -267.600037    
   54.2052002      -267.239990    
   55.2089996      -268.139954    
   56.2127991      -268.140015    
   57.2165985      -268.680054    
   58.2204018      -270.119934    
   59.2242012      -270.659973    
   60.2280006      -271.559998    
   61.2318001      -271.560059    
   62.2355995      -272.639954    
   63.2393990      -273.720093    
   64.2432022      -273.359985    
   65.2470016      -274.080017    
   66.2508011      -274.800049    
   67.2546005      -274.799927    
   68.2584000      -275.340027    
   69.2621994      -275.159912    
   70.2659988      -275.520020    
   71.2697983      -276.600037    
   72.2735977      -276.419922    
   73.2773972      -276.059937    
   74.2811966      -276.960083    
   75.2850037      -277.319946    
   76.2888031      -276.960083    
   77.2926025      -277.140015    
   78.2964020      -278.039917    
   79.3002014      -277.680054    
   80.3040009      -277.859985    
   81.3078003      -278.039978    
   82.3115997      -278.219971    
   83.3153992      -278.399963    
   84.3191986      -278.580078    
   85.3229980      -278.760010    
   86.3267975      -278.939941    
   87.3305969      -278.400024    
   88.3343964      -279.119995    
   89.3382034      -279.300049    
   90.3420029      -278.760010    
   91.3458023      -279.479980    
   92.3496017      -279.659973    
   93.3534012      -279.839966    
   94.3572006      -279.299988    
   95.3610001      -280.020081    
   96.3647995      -279.479980    
   97.3685989      -280.199951    
   98.3723984      -279.660034    
   99.3761978      -279.660034    
   100.379997      -279.660034    
   101.383797      -280.380005    
   102.387604      -282.000000    
   103.391403      -280.380005    
   104.395203      -280.380005    
   105.399002      -279.660034    
   106.402802      -280.200012    
   107.406601      -280.200012    
   108.410400      -280.200012    
   109.414200      -280.200012    
   110.417999      -280.200012    
   111.421799      -280.919983    
   112.425598      -280.380005    
   113.429398      -280.380005    
   114.433197      -280.380005    
   115.436996      -280.380005    
   116.440804      -281.099976    
   117.444603      -279.840027    
   118.448402      -280.380005    
   119.452202      -280.380005    
   120.456001      -280.380005    
   121.459801      -280.380005    
   122.463600      -280.380005    
   123.467400      -280.380005    
   124.471199      -280.380005    
   125.474998      -280.380005    
   126.478798      -280.380005    
   127.482597      -280.380005    
   128.486404      -279.660034    
   129.490204      -280.200012    
   130.494003      -280.200012    
   131.497803      -280.200012    
   132.501602      -280.200012    
   133.505402      -280.200012    
   134.509201      -280.200012    
   135.513000      -280.200012    
   136.516800      -280.200012    
   137.520599      -280.200012    
   138.524399      -280.200012    
   139.528198      -280.200012    
   140.531998      -280.200012    
   141.535797      -280.200012    
   142.539597      -280.200012    
   143.543396      -280.200012    
   144.547195      -280.200012    
   145.550995      -280.200012    
   146.554794      -280.919983    
   147.558594      -279.660034    
   148.562393      -280.200012    
   149.566193      -280.200012    
   150.570007      -280.200012    
   151.573807      -280.200012    
   152.577606      -280.200012    
   153.581406      -279.479919    
   154.585205      -279.300049    
   155.589005      -279.839966    
   156.592804      -279.839966    
   157.596603      -279.839966    
