   0.00000000      -183.000000    
   1.00380325      -275.589783    
   2.00760651      -277.615662    
   3.01140594      -278.338440    
   4.01520538      -280.894714    
   5.01900482      -282.244415    
   6.02280426      -282.963379    
   7.02660370      -282.936646    
   8.03040314      -282.608215    
   9.03420639      -282.393707    
   10.0380058      -282.031769    
   11.0418053      -281.711639    
   12.0456047      -281.196808    
   13.0494041      -280.880707    
   14.0532036      -280.733643    
   15.0570068      -280.333954    
   16.0608063      -280.067627    
   17.0646057      -279.916412    
   18.0684052      -279.672028    
   19.0722046      -279.517609    
   20.0760040      -279.251434    
   21.0798035      -279.056274    
   22.0836029      -279.111450    
   23.0874023      -279.032379    
   24.0912018      -278.815216    
   25.0950012      -278.827850    
   26.0988083      -278.878113    
   27.1026077      -278.777222    
   28.1064072      -278.706909    
   29.1102066      -278.847290    
   30.1140060      -278.827759    
   31.1178055      -278.829681    
   32.1216049      -278.850616    
   33.1254044      -278.888580    
   34.1292038      -278.941620    
   35.1330032      -279.008148    
   36.1368027      -279.086670    
   37.1406021      -279.175903    
   38.1444016      -279.093414    
   39.1482010      -279.200928    
   40.1520081      -279.316101    
   41.1558075      -279.257111    
   42.1596069      -279.385223    
   43.1634064      -279.518768    
   44.1672058      -279.657196    
   45.1710052      -279.619354    
   46.1748047      -279.766113    
   47.1786041      -279.735840    
   48.1824036      -279.889191    
   49.1862030      -279.864960    
   50.1900024      -279.843292    
   51.1938019      -279.823914    
   52.1976013      -279.986847    
   53.2014084      -280.512054    
   54.2052078      -280.498138    
   55.2090073      -280.485626    
   56.2128067      -280.294312    
   57.2166061      -280.284332    
   58.2204056      -280.275452    
   59.2242050      -280.267487    
   60.2280045      -280.260376    
   61.2318039      -280.253967    
   62.2356033      -280.428375    
   63.2394028      -280.423279    
   64.2432022      -280.418701    
   65.2470016      -280.414612    
   66.2508011      -280.410950    
   67.2546082      -280.587738    
   68.2584076      -280.404785    
   69.2622070      -280.402161    
   70.2660065      -280.399811    
   71.2698059      -280.397705    
   72.2736053      -280.395844    
   73.2774048      -280.394165    
   74.2812042      -280.392670    
   75.2850037      -280.391357    
   76.2888031      -280.390137    
   77.2926025      -280.389069    
   78.2964020      -280.388123    
   79.3002090      -280.207245    
   80.3040085      -280.206482    
   81.3078079      -280.205780    
   82.3116074      -280.205200    
   83.3154068      -280.204651    
   84.3192062      -280.204163    
   85.3230057      -280.203705    
   86.3268051      -280.203339    
   87.3306046      -280.202972    
   88.3344040      -280.202667    
   89.3382034      -280.202362    
   90.3420029      -280.202148    
   91.3458023      -280.201935    
   92.3496017      -280.201691    
   93.3534012      -280.201508    
   94.3572006      -280.201385    
   95.3610001      -280.201233    
   96.3647995      -280.201111    
   97.3685989      -280.380981    
   98.3723984      -280.200867    
   99.3761978      -280.200775    
   100.379997      -280.200714    
   101.383812      -280.200653    
   102.387611      -280.200592    
   103.391411      -280.200500    
   104.395210      -280.020447    
   105.399010      -279.840393    
   106.402809      -279.840363    
   107.406609      -279.840302    
   108.410408      -279.840271    
