   2.00760007      -181.740067    
   3.01139998      -183.359940    
   4.01520014      -181.559860    
   5.01900005      -181.380112    
   6.02279997      -182.999985    
   7.02659988      -182.999985    
   8.03040028      -184.799911    
   9.03419971      -181.380112    
   10.0380001      -182.999985    
   11.0417995      -182.999985    
   12.0455999      -182.999985    
   13.0494003      -182.999985    
   14.0531998      -182.999985    
   15.0570002      -182.999985    
   16.0608006      -182.999985    
   17.0646000      -182.999985    
   18.0683994      -181.200058    
   19.0722008      -182.819931    
   20.0760002      -184.619858    
   21.0797997      -182.999985    
   22.0835991      -182.999985    
   23.0874004      -182.999985    
   24.0911999      -181.200058    
   25.0949993      -182.819931    
   26.0988007      -182.819931    
   27.1026001      -182.819931    
   28.1063995      -182.819931    
   29.1102009      -182.819931    
   30.1140003      -182.819931    
   31.1177998      -182.819931    
   32.1216011      -182.819931    
   33.1254005      -181.019852    
   34.1292000      -182.640030    
   35.1329994      -180.840103    
   36.1367989      -182.459976    
   37.1405983      -182.459976    
   38.1444016      -182.459976    
   39.1482010      -180.659897    
   40.1520004      -182.279922    
   41.1557999      -182.279922    
   42.1595993      -182.279922    
   43.1633987      -182.279922    
   44.1671982      -180.479996    
   45.1710014      -178.500015    
   46.1748009      -176.339981    
   47.1786003      -179.400131    
   48.1823997      -152.219971    
   49.1861992      -147.540100    
   50.1899986      -634.079895    
   51.1938019      -370.380005    
   52.1976013      -307.920013    
   53.2014008      -304.320160    
   54.2052002      -294.240051    
   55.2089996      -289.739929    
   56.2127991      -284.340149    
   57.2165985      -281.640106    
   58.2204018      -281.999756    
   59.2242012      -280.379883    
   60.2280006      -280.199982    
   61.2318001      -278.040100    
   62.2355995      -279.119812    
   63.2393990      -280.200134    
   64.2432022      -277.679993    
   65.2470016      -278.400055    
   66.2508011      -279.119965    
   67.2546005      -278.039795    
   68.2584000      -278.580109    
   69.2621994      -277.319885    
   70.2659988      -277.680145    
   71.2697983      -279.840027    
   72.2735977      -278.579803    
   73.2773972      -277.139984    
   74.2811966      -279.120117    
   75.2850037      -279.479919    
   76.2888031      -278.040253    
   77.2926025      -278.220001    
   78.2964020      -280.199829    
   79.3002014      -278.760162    
   80.3040009      -278.939911    
   81.3078003      -279.119965    
   82.3115997      -279.299866    
   83.3153992      -279.479919    
   84.3191986      -279.660278    
   85.3229980      -279.839874    
   86.3267975      -280.019928    
   87.3305969      -278.400055    
   88.3343964      -280.199982    
   89.3382034      -280.380188    
   90.3420029      -278.760010    
   91.3458023      -280.559937    
   92.3496017      -280.739990    
   93.3534012      -280.919891    
   94.3572006      -279.300018    
   95.3610001      -281.100250    
   96.3647995      -279.480072    
   97.3685989      -281.279999    
   98.3723984      -279.659973    
   99.3761978      -279.659973    
   100.379997      -279.659973    
   101.383797      -281.459900    
   102.387604      -285.240112    
   103.391403      -280.380035    
   104.395203      -280.380035    
   105.399002      -278.580109    
   106.402802      -280.199982    
   107.406601      -280.199982    
   108.410400      -280.199982    
   109.414200      -280.199982    
   110.417999      -280.199982    
   111.421799      -281.999908    
   112.425598      -280.380035    
   113.429398      -280.380035    
   114.433197      -280.380035    
   115.436996      -280.380035    
   116.440804      -282.179962    
   117.444603      -278.760010    
   118.448402      -280.380035    
   119.452202      -280.380035    
   120.456001      -280.380035    
   121.459801      -280.380035    
   122.463600      -280.380035    
   123.467400      -280.380035    
   124.471199      -280.380035    
   125.474998      -280.380035    
   126.478798      -280.380035    
   127.482597      -280.380035    
   128.486404      -278.580109    
   129.490204      -280.199982    
   130.494003      -280.199982    
   131.497803      -280.199982    
   132.501602      -280.199982    
   133.505402      -280.199982    
   134.509201      -280.199982    
   135.513000      -280.199982    
   136.516800      -280.199982    
   137.520599      -280.199982    
   138.524399      -280.199982    
   139.528198      -280.199982    
   140.531998      -280.199982    
   141.535797      -280.199982    
   142.539597      -280.199982    
   143.543396      -280.199982    
   144.547195      -280.199982    
   145.550995      -280.199982    
   146.554794      -281.999908    
   147.558594      -278.580109    
   148.562393      -280.199982    
   149.566193      -280.199982    
   150.570007      -280.199982    
   151.573807      -280.199982    
   152.577606      -280.199982    
   153.581406      -278.399750    
   154.585205      -278.220001    
   155.589005      -279.840027    
   156.592804      -279.840027    
   157.596603      -279.840027    
