   2.00760007      -179.940140    
   3.01139998      -183.359940    
   4.01520014      -179.759781    
   5.01900005      -179.580032    
   6.02279997      -183.000137    
   7.02659988      -183.000137    
   8.03040028      -186.599991    
   9.03419971      -179.580032    
   10.0380001      -183.000137    
   11.0417995      -183.000137    
   12.0455999      -183.000137    
   13.0494003      -183.000137    
   14.0531998      -183.000137    
   15.0570002      -183.000137    
   16.0608006      -183.000137    
   17.0646000      -183.000137    
   18.0683994      -179.400284    
   19.0722008      -182.820084    
   20.0760002      -186.419937    
   21.0797997      -183.000137    
   22.0835991      -183.000137    
   23.0874004      -183.000137    
   24.0911999      -179.400284    
   25.0949993      -182.820084    
   26.0988007      -182.820084    
   27.1026001      -182.820084    
   28.1063995      -182.820084    
   29.1102009      -182.820084    
   30.1140003      -182.820084    
   31.1177998      -182.820084    
   32.1216011      -182.820084    
   33.1254005      -179.219925    
   34.1292000      -182.640030    
   35.1329994      -179.040176    
   36.1367989      -182.459976    
   37.1405983      -182.459976    
   38.1444016      -182.459976    
   39.1482010      -178.859818    
   40.1520004      -182.279922    
   41.1557999      -182.279922    
   42.1595993      -182.279922    
   43.1633987      -182.279922    
   44.1671982      -178.680069    
   45.1710014      -174.899857    
   46.1748009      -170.939896    
   47.1786003      -177.600052    
   48.1823997      -123.419769    
   49.1861992      -116.939972    
   50.1899986      -1093.07959    
   51.1938019      -519.779846    
   52.1976013      -379.919952    
   53.2014008      -365.520233    
   54.2052002      -339.240021    
   55.2089996      -325.739655    
   56.2127991      -311.340271    
   57.2165985      -303.239990    
   58.2204018      -301.799561    
   59.2242012      -296.579834    
   60.2280006      -294.600159    
   61.2318001      -288.840271    
   62.2355995      -289.919678    
   63.2393990      -291.000305    
   64.2432022      -284.880310    
   65.2470016      -285.599915    
   66.2508011      -286.320129    
   67.2546005      -283.439880    
   68.2584000      -283.980042    
   69.2621994      -280.919739    
   70.2659988      -281.280457    
   71.2697983      -285.240417    
   72.2735977      -282.179504    
   73.2773972      -278.939758    
   74.2811966      -282.720276    
   75.2850037      -283.079773    
   76.2888031      -279.840637    
   77.2926025      -280.020081    
   78.2964020      -283.799988    
   79.3002014      -280.560242    
   80.3040009      -280.739685    
   81.3078003      -280.919739    
   82.3115997      -281.099792    
   83.3153992      -281.279846    
   84.3191986      -281.460510    
   85.3229980      -281.639954    
   86.3267975      -281.820007    
   87.3305969      -278.400208    
   88.3343964      -282.000061    
   89.3382034      -282.180725    
   90.3420029      -278.760315    
   91.3458023      -282.360168    
   92.3496017      -282.539612    
   93.3534012      -282.719666    
   94.3572006      -279.299866    
   95.3610001      -282.900330    
   96.3647995      -279.479919    
   97.3685989      -283.079773    
   98.3723984      -279.659973    
   99.3761978      -279.659973    
   100.379997      -279.659973    
   101.383797      -283.259827    
   102.387604      -290.640198    
   103.391403      -280.380188    
   104.395203      -280.380188    
   105.399002      -276.780334    
   106.402802      -280.200134    
   107.406601      -280.200134    
   108.410400      -280.200134    
   109.414200      -280.200134    
   110.417999      -280.200134    
   111.421799      -283.799988    
   112.425598      -280.380188    
   113.429398      -280.380188    
   114.433197      -280.380188    
   115.436996      -280.380188    
   116.440804      -283.980042    
   117.444603      -276.960388    
   118.448402      -280.380188    
   119.452202      -280.380188    
   120.456001      -280.380188    
   121.459801      -280.380188    
   122.463600      -280.380188    
   123.467400      -280.380188    
   124.471199      -280.380188    
   125.474998      -280.380188    
   126.478798      -280.380188    
   127.482597      -280.380188    
   128.486404      -276.780334    
   129.490204      -280.200134    
   130.494003      -280.200134    
   131.497803      -280.200134    
   132.501602      -280.200134    
   133.505402      -280.200134    
   134.509201      -280.200134    
   135.513000      -280.200134    
   136.516800      -280.200134    
   137.520599      -280.200134    
   138.524399      -280.200134    
   139.528198      -280.200134    
   140.531998      -280.200134    
   141.535797      -280.200134    
   142.539597      -280.200134    
   143.543396      -280.200134    
   144.547195      -280.200134    
   145.550995      -280.200134    
   146.554794      -283.799988    
   147.558594      -276.780334    
   148.562393      -280.200134    
   149.566193      -280.200134    
   150.570007      -280.200134    
   151.573807      -280.200134    
   152.577606      -280.200134    
   153.581406      -276.599670    
   154.585205      -276.420227    
   155.589005      -279.840027    
   156.592804      -279.840027    
   157.596603      -279.840027    
