   2.00760007      -182.640015    
   3.01139998      -183.360001    
   4.01520014      -182.459961    
   5.01900005      -182.280060    
   6.02279997      -182.999969    
   7.02659988      -182.999969    
   8.03040028      -183.899933    
   9.03419971      -182.280060    
   10.0380001      -182.999969    
   11.0417995      -182.999969    
   12.0455999      -182.999969    
   13.0494003      -182.999969    
   14.0531998      -182.999969    
   15.0570002      -182.999969    
   16.0608006      -182.999969    
   17.0646000      -182.999969    
   18.0683994      -182.100006    
   19.0722008      -182.819992    
   20.0760002      -183.719955    
   21.0797997      -182.999969    
   22.0835991      -182.999969    
   23.0874004      -182.999969    
   24.0911999      -182.100006    
   25.0949993      -182.819992    
   26.0988007      -182.819992    
   27.1026001      -182.819992    
   28.1063995      -182.819992    
   29.1102009      -182.819992    
   30.1140003      -182.819992    
   31.1177998      -182.819992    
   32.1216011      -182.819992    
   33.1254005      -181.919952    
   34.1292000      -182.640015    
   35.1329994      -181.740051    
   36.1367989      -182.460037    
   37.1405983      -182.460037    
   38.1444016      -182.460037    
   39.1482010      -181.559998    
   40.1520004      -182.279984    
   41.1557999      -182.279984    
   42.1595993      -182.279984    
   43.1633987      -182.279984    
   44.1671982      -181.380020    
   45.1710014      -180.300003    
   46.1748009      -179.039932    
   47.1786003      -180.300003    
   48.1823997      -166.619965    
   49.1861992      -162.839981    
   50.1899986      -404.579956    
   51.1938019      -295.680023    
   52.1976013      -271.919952    
   53.2014008      -273.720032    
   54.2052002      -271.739990    
   55.2089996      -271.739990    
   56.2127991      -270.840088    
   57.2165985      -270.840027    
   58.2204018      -272.099945    
   59.2242012      -272.279999    
   60.2280006      -272.999969    
   61.2318001      -272.640106    
   62.2355995      -273.719971    
   63.2393990      -274.800049    
   64.2432022      -274.079987    
   65.2470016      -274.800049    
   66.2508011      -275.520050    
   67.2546005      -275.339905    
   68.2584000      -275.880066    
   69.2621994      -275.519958    
   70.2659988      -275.880066    
   71.2697983      -277.140076    
   72.2735977      -276.779968    
   73.2773972      -276.239960    
   74.2811966      -277.320038    
   75.2850037      -277.679932    
   76.2888031      -277.140137    
   77.2926025      -277.319977    
   78.2964020      -278.399902    
   79.3002014      -277.860138    
   80.3040009      -278.039948    
   81.3078003      -278.220001    
   82.3115997      -278.399994    
   83.3153992      -278.579956    
   84.3191986      -278.760101    
   85.3229980      -278.940002    
   86.3267975      -279.119965    
   87.3305969      -278.399994    
   88.3343964      -279.299957    
   89.3382034      -279.480072    
   90.3420029      -278.760010    
   91.3458023      -279.659973    
   92.3496017      -279.839966    
   93.3534012      -280.019928    
   94.3572006      -279.300018    
   95.3610001      -280.200134    
   96.3647995      -279.480011    
   97.3685989      -280.379974    
   98.3723984      -279.659973    
   99.3761978      -279.659973    
   100.379997      -279.659973    
   101.383797      -280.559937    
   102.387604      -282.540070    
   103.391403      -280.380035    
   104.395203      -280.380035    
   105.399002      -279.480072    
   106.402802      -280.199982    
   107.406601      -280.199982    
   108.410400      -280.199982    
   109.414200      -280.199982    
   110.417999      -280.199982    
   111.421799      -281.099945    
   112.425598      -280.380035    
   113.429398      -280.380035    
   114.433197      -280.380035    
   115.436996      -280.380035    
   116.440804      -281.279999    
   117.444603      -279.660065    
   118.448402      -280.380035    
   119.452202      -280.380035    
   120.456001      -280.380035    
   121.459801      -280.380035    
   122.463600      -280.380035    
   123.467400      -280.380035    
   124.471199      -280.380035    
   125.474998      -280.380035    
   126.478798      -280.380035    
   127.482597      -280.380035    
   128.486404      -279.480072    
   129.490204      -280.199982    
   130.494003      -280.199982    
   131.497803      -280.199982    
   132.501602      -280.199982    
   133.505402      -280.199982    
   134.509201      -280.199982    
   135.513000      -280.199982    
   136.516800      -280.199982    
   137.520599      -280.199982    
   138.524399      -280.199982    
   139.528198      -280.199982    
   140.531998      -280.199982    
   141.535797      -280.199982    
   142.539597      -280.199982    
   143.543396      -280.199982    
   144.547195      -280.199982    
   145.550995      -280.199982    
   146.554794      -281.099945    
   147.558594      -279.480072    
   148.562393      -280.199982    
   149.566193      -280.199982    
   150.570007      -280.199982    
   151.573807      -280.199982    
   152.577606      -280.199982    
   153.581406      -279.299866    
   154.585205      -279.120056    
   155.589005      -279.840027    
   156.592804      -279.840027    
   157.596603      -279.840027    
