   2.00760007      -182.340012    
   3.01139998      -183.360016    
   4.01520014      -182.159958    
   5.01900005      -181.980011    
   6.02279997      -183.000015    
   7.02659988      -183.000015    
   8.03040028      -184.199966    
   9.03419971      -181.980011    
   10.0380001      -183.000015    
   11.0417995      -183.000015    
   12.0455999      -183.000015    
   13.0494003      -183.000015    
   14.0531998      -183.000015    
   15.0570002      -183.000015    
   16.0608006      -183.000015    
   17.0646000      -183.000015    
   18.0683994      -181.800064    
   19.0722008      -182.820053    
   20.0760002      -184.020004    
   21.0797997      -183.000015    
   22.0835991      -183.000015    
   23.0874004      -183.000015    
   24.0911999      -181.800064    
   25.0949993      -182.820053    
   26.0988007      -182.820053    
   27.1026001      -182.820053    
   28.1063995      -182.820053    
   29.1102009      -182.820053    
   30.1140003      -182.820053    
   31.1177998      -182.820053    
   32.1216011      -182.820053    
   33.1254005      -181.620010    
   34.1292000      -182.639999    
   35.1329994      -181.440048    
   36.1367989      -182.460052    
   37.1405983      -182.460052    
   38.1444016      -182.460052    
   39.1482010      -181.259995    
   40.1520004      -182.279999    
   41.1557999      -182.279999    
   42.1595993      -182.279999    
   43.1633987      -182.279999    
   44.1671982      -181.080048    
   45.1710014      -179.700043    
   46.1748009      -178.139984    
   47.1786003      -180.000031    
   48.1823997      -161.819992    
   49.1861992      -157.739990    
   50.1899986      -481.079987    
   51.1938019      -320.579987    
   52.1976013      -283.920013    
   53.2014008      -283.920013    
   54.2052002      -279.240051    
   55.2089996      -277.739899    
   56.2127991      -275.340118    
   57.2165985      -274.440033    
   58.2204018      -275.399933    
   59.2242012      -274.980011    
   60.2280006      -275.400024    
   61.2318001      -274.440155    
   62.2355995      -275.519958    
   63.2393990      -276.600067    
   64.2432022      -275.279999    
   65.2470016      -276.000000    
   66.2508011      -276.720001    
   67.2546005      -276.239868    
   68.2584000      -276.780029    
   69.2621994      -276.119934    
   70.2659988      -276.480042    
   71.2697983      -278.040100    
   72.2735977      -277.379913    
   73.2773972      -276.539948    
   74.2811966      -277.920074    
   75.2850037      -278.279877    
   76.2888031      -277.440125    
   77.2926025      -277.619965    
   78.2964020      -278.999878    
   79.3002014      -278.160126    
   80.3040009      -278.339996    
   81.3078003      -278.519928    
   82.3115997      -278.699982    
   83.3153992      -278.879944    
   84.3191986      -279.060089    
   85.3229980      -279.239960    
   86.3267975      -279.419891    
   87.3305969      -278.399994    
   88.3343964      -279.599945    
   89.3382034      -279.780121    
   90.3420029      -278.760010    
   91.3458023      -279.959961    
   92.3496017      -280.139923    
   93.3534012      -280.319977    
   94.3572006      -279.299957    
   95.3610001      -280.500122    
   96.3647995      -279.480011    
   97.3685989      -280.679962    
   98.3723984      -279.659973    
   99.3761978      -279.659973    
   100.379997      -279.659973    
   101.383797      -280.859924    
   102.387604      -283.440094    
   103.391403      -280.379974    
   104.395203      -280.379974    
   105.399002      -279.180023    
   106.402802      -280.200043    
   107.406601      -280.200043    
   108.410400      -280.200043    
   109.414200      -280.200043    
   110.417999      -280.200043    
   111.421799      -281.399994    
   112.425598      -280.379974    
   113.429398      -280.379974    
   114.433197      -280.379974    
   115.436996      -280.379974    
   116.440804      -281.579926    
   117.444603      -279.360077    
   118.448402      -280.379974    
   119.452202      -280.379974    
   120.456001      -280.379974    
   121.459801      -280.379974    
   122.463600      -280.379974    
   123.467400      -280.379974    
   124.471199      -280.379974    
   125.474998      -280.379974    
   126.478798      -280.379974    
   127.482597      -280.379974    
   128.486404      -279.180023    
   129.490204      -280.200043    
   130.494003      -280.200043    
   131.497803      -280.200043    
   132.501602      -280.200043    
   133.505402      -280.200043    
   134.509201      -280.200043    
   135.513000      -280.200043    
   136.516800      -280.200043    
   137.520599      -280.200043    
   138.524399      -280.200043    
   139.528198      -280.200043    
   140.531998      -280.200043    
   141.535797      -280.200043    
   142.539597      -280.200043    
   143.543396      -280.200043    
   144.547195      -280.200043    
   145.550995      -280.200043    
   146.554794      -281.399994    
   147.558594      -279.180023    
   148.562393      -280.200043    
   149.566193      -280.200043    
   150.570007      -280.200043    
   151.573807      -280.200043    
   152.577606      -280.200043    
   153.581406      -278.999878    
   154.585205      -278.820038    
   155.589005      -279.840027    
   156.592804      -279.840027    
   157.596603      -279.840027    
