   1.00380003      -183.539993    
   2.00760007      -183.360001    
   3.01139998      -183.360001    
   4.01520014      -183.179993    
   5.01900005      -183.000000    
   6.02279997      -183.000000    
   7.02659988      -183.000000    
   8.03040028      -183.179993    
   9.03419971      -183.000000    
   10.0380001      -183.000000    
   11.0417995      -183.000000    
   12.0455999      -183.000000    
   13.0494003      -183.000000    
   14.0531998      -183.000000    
   15.0570002      -183.000000    
   16.0608006      -183.000000    
   17.0646000      -183.000000    
   18.0683994      -182.820007    
   19.0722008      -182.820007    
   20.0760002      -183.000000    
   21.0797997      -183.000000    
   22.0835991      -183.000000    
   23.0874004      -183.000000    
   24.0911999      -182.820007    
   25.0949993      -182.820007    
   26.0988007      -182.820007    
   27.1026001      -182.820007    
   28.1063995      -182.820007    
   29.1102009      -182.820007    
   30.1140003      -182.820007    
   31.1177998      -182.820007    
   32.1216011      -182.820007    
   33.1254005      -182.639999    
   34.1292000      -182.639999    
   35.1329994      -182.460007    
   36.1367989      -182.460007    
   37.1405983      -182.460007    
   38.1444016      -182.460007    
   39.1482010      -182.279999    
   40.1520004      -182.279999    
   41.1557999      -182.279999    
   42.1595993      -182.279999    
   43.1633987      -182.279999    
   44.1671982      -182.100006    
   45.1710014      -181.740005    
   46.1748009      -181.199997    
   47.1786003      -181.020004    
   48.1823997      -178.139999    
   49.1861992      -175.080002    
   50.1899986      -220.979996    
   51.1938019      -235.919998    
   52.1976013      -243.119995    
   53.2014008      -249.240005    
   54.2052002      -253.740005    
   55.2089996      -257.339996    
   56.2127991      -260.040009    
   57.2165985      -262.200012    
   58.2204018      -264.179993    
   59.2242012      -265.799988    
   60.2280006      -267.239990    
   61.2318001      -268.320007    
   62.2355995      -269.399994    
   63.2393990      -270.480011    
   64.2432022      -271.200012    
   65.2470016      -271.920013    
   66.2508011      -272.640015    
   67.2546005      -273.179993    
   68.2584000      -273.720001    
   69.2621994      -274.079987    
   70.2659988      -274.440002    
   71.2697983      -274.980011    
   72.2735977      -275.339996    
   73.2773972      -275.519989    
   74.2811966      -275.880005    
   75.2850037      -276.239990    
   76.2888031      -276.420013    
   77.2926025      -276.600006    
   78.2964020      -276.959991    
   79.3002014      -277.140015    
   80.3040009      -277.320007    
   81.3078003      -277.500000    
   82.3115997      -277.679993    
   83.3153992      -277.859985    
   84.3191986      -278.040009    
   85.3229980      -278.220001    
   86.3267975      -278.399994    
   87.3305969      -278.399994    
   88.3343964      -278.579987    
   89.3382034      -278.760010    
   90.3420029      -278.760010    
   91.3458023      -278.940002    
   92.3496017      -279.119995    
   93.3534012      -279.299988    
   94.3572006      -279.299988    
   95.3610001      -279.480011    
   96.3647995      -279.480011    
   97.3685989      -279.660004    
   98.3723984      -279.660004    
   99.3761978      -279.660004    
   100.379997      -279.660004    
   101.383797      -279.839996    
   102.387604      -280.380005    
   103.391403      -280.380005    
   104.395203      -280.380005    
   105.399002      -280.200012    
   106.402802      -280.200012    
   107.406601      -280.200012    
   108.410400      -280.200012    
   109.414200      -280.200012    
   110.417999      -280.200012    
   111.421799      -280.380005    
   112.425598      -280.380005    
   113.429398      -280.380005    
   114.433197      -280.380005    
   115.436996      -280.380005    
   116.440804      -280.559998    
   117.444603      -280.380005    
   118.448402      -280.380005    
   119.452202      -280.380005    
   120.456001      -280.380005    
   121.459801      -280.380005    
   122.463600      -280.380005    
   123.467400      -280.380005    
   124.471199      -280.380005    
   125.474998      -280.380005    
   126.478798      -280.380005    
   127.482597      -280.380005    
   128.486404      -280.200012    
   129.490204      -280.200012    
   130.494003      -280.200012    
   131.497803      -280.200012    
   132.501602      -280.200012    
   133.505402      -280.200012    
   134.509201      -280.200012    
   135.513000      -280.200012    
   136.516800      -280.200012    
   137.520599      -280.200012    
   138.524399      -280.200012    
   139.528198      -280.200012    
   140.531998      -280.200012    
   141.535797      -280.200012    
   142.539597      -280.200012    
   143.543396      -280.200012    
   144.547195      -280.200012    
   145.550995      -280.200012    
   146.554794      -280.380005    
   147.558594      -280.200012    
   148.562393      -280.200012    
   149.566193      -280.200012    
   150.570007      -280.200012    
   151.573807      -280.200012    
   152.577606      -280.200012    
   153.581406      -280.019989    
   154.585205      -279.839996    
   155.589005      -279.839996    
   156.592804      -279.839996    
   157.596603      -279.839996    
