           0           0 -0.312340498    
         100           0 -0.311842501    
         200           0 -0.310237348    
         300           0 -0.309575737    
         400           0 -0.309612691    
         500           0 -0.308645904    
         600           0 -0.307457983    
         700           0 -0.308488548    
         800           0 -0.308041513    
         900           0 -0.310084164    
        1000           0 -0.306273937    
        1100           0 -0.312485933    
        1200           0 -0.311194003    
        1300           0 -0.313490242    
        1400           0 -0.318065196    
        1500           0 -0.311707497    
        1600           0 -0.318441898    
        1700           0 -0.322831184    
        1800           0 -0.323572665    
        1900           0 -0.312748164    
        2000           0 -0.325290769    
        2000         100 -0.314991087    
        1900         100 -0.314744920    
        1800         100 -0.318373948    
        1700         100 -0.311065555    
        1600         100 -0.312779456    
        1500         100 -0.311734915    
        1400         100 -0.314805418    
        1300         100 -0.313962907    
        1200         100 -0.316682667    
        1100         100 -0.314072579    
        1000         100 -0.315121621    
         900         100 -0.315610677    
         800         100 -0.317799062    
         700         100 -0.321966618    
         600         100 -0.313239902    
         500         100 -0.324205667    
         400         100 -0.314987510    
         300         100 -0.326535314    
         200         100 -0.319442362    
         100         100 -0.321724921    
           0         100 -0.321904927    
           0         200 -0.325158447    
         100         200 -0.322837442    
         200         200 -0.319252223    
         300         200 -0.317823499    
         400         200 -0.317734987    
         500         200 -0.317148179    
         600         200 -0.316726774    
         700         200 -0.315975159    
         800         200 -0.317552298    
         900         200 -0.319162816    
        1000         200 -0.320440143    
        1100         200 -0.320672005    
        1200         200 -0.321858436    
        1300         200 -0.324668497    
        1400         200 -0.324551076    
        1500         200 -0.324238449    
        1600         200 -0.326710254    
        1700         200 -0.328677207    
        1800         200 -0.328726679    
        1900         200 -0.328857213    
        2000         200 -0.329572767    
        2000         300 -0.326361567    
        1900         300 -0.326051623    
        1800         300 -0.321640879    
        1700         300 -0.318756908    
        1600         300 -0.319524616    
        1500         300 -0.318666607    
        1400         300 -0.322570115    
        1300         300 -0.319481403    
        1200         300 -0.311038435    
        1100         300 -0.323751181    
        1000         300 -0.320013374    
         900         300 -0.318449348    
         800         300 -0.319856614    
         700         300 -0.322039038    
         600         300 -0.322056025    
         500         300 -0.321245700    
         400         300 -0.324948341    
         300         300 -0.327306598    
         200         300 -0.325324148    
         100         300 -0.328827411    
           0         300 -0.329455644    
           0         400 -0.329491705    
         100         400 -0.326152354    
         200         400 -0.322440177    
         300         400 -0.320469648    
         400         400 -0.320910424    
         500         400 -0.318132252    
         600         400 -0.318123907    
         700         400 -0.320644587    
         800         400 -0.319326133    
         900         400 -0.320655614    
        1000         400 -0.321587533    
        1100         400 -0.321671873    
        1200         400 -0.326062053    
        1300         400 -0.329170138    
        1400         400 -0.329761118    
        1500         400 -0.327618033    
        1600         400 -0.328790754    
        1700         400 -0.334831685    
        1800         400 -0.333682507    
        1900         400 -0.334807843    
        2000         400 -0.333196133    
        2000         500 -0.331936985    
        1900         500 -0.325345308    
        1800         500 -0.320877939    
        1700         500 -0.321261197    
        1600         500 -0.316817075    
        1500         500 -0.324939400    
        1400         500 -0.299199164    
        1300         500 -0.330460578    
        1200         500 -0.300367415    
        1100         500 -0.320151955    
        1000         500 -0.315929264    
         900         500 -0.316255301    
         800         500 -0.315006584    
         700         500 -0.316182584    
         600         500 -0.320014566    
         500         500 -0.322221428    
         400         500 -0.326036125    
         300         500 -0.331533760    
         200         500 -0.330866784    
         100         500 -0.330646843    
           0         500 -0.335810989    
           0         600 -0.326028377    
         100         600 -0.321831316    
         200         600 -0.317423850    
         300         600 -0.317689389    
         400         600 -0.313648492    
         500         600 -0.316776246    
         600         600 -0.307727098    
         700         600 -0.315181226    
         800         600 -0.311843693    
         900         600 -0.318904430    
        1000         600 -0.306988895    
        1100         600 -0.318335205    
        1200         600 -0.317649454    
        1300         600 -0.324593395    
        1400         600 -0.325090498    
        1500         600 -0.329825789    
        1600         600 -0.331419319    
        1700         600 -0.328501970    
        1800         600 -0.340121597    
        1900         600 -0.333954901    
        2000         600 -0.345435351    
        2000         700 -0.322061092    
        1900         700 -0.320750982    
        1800         700 -0.316148013    
        1700         700 -0.316217154    
        1600         700 -0.313641042    
        1500         700 -0.315523058    
        1400         700 -0.315104336    
        1300         700 -0.312301457    
        1200         700 -0.308762133    
        1100         700 -0.311311126    
        1000         700 -0.303513050    
         900         700 -0.300348639    
         800         700 -0.302855909    
         700         700 -0.304021478    
         600         700 -0.314869791    
         500         700 -0.320139438    
         400         700 -0.326414317    
         300         700 -0.330394715    
         200         700 -0.333970398    
         100         700 -0.339445978    
           0         700 -0.337165207    
           0         800 -0.331684858    
         100         800 -0.319055527    
         200         800 -0.312148571    
         300         800 -0.312353611    
         400         800 -0.311911643    
         500         800 -0.314616770    
         600         800 -0.313672334    
         700         800 -0.313140661    
         800         800 -0.309413910    
         900         800 -0.299809515    
        1000         800 -0.290980577    
        1100         800 -0.293676198    
        1200         800 -0.305817962    
        1300         800 -0.318731278    
        1400         800 -0.319178313    
        1500         800 -0.335575551    
        1600         800 -0.328105599    
        1700         800 -0.334283918    
        1800         800 -0.341723770    
        1900         800 -0.338373691    
        2000         800 -0.338438362    
        2000         900 -0.327086657    
        1900         900 -0.315765649    
        1800         900 -0.313011616    
        1700         900 -0.315113872    
        1600         900 -0.318625778    
        1500         900 -0.320669323    
        1400         900 -0.318970889    
        1300         900 -0.315430373    
        1200         900 -0.307511032    
        1100         900 -0.282238066    
        1000         900 -0.257264316    
         900         900 -0.267427206    
         800         900 -0.284834445    
         700         900 -0.306006014    
         600         900 -0.319980294    
         500         900 -0.326301068    
         400         900 -0.332919866    
         300         900 -0.333001226    
         200         900 -0.342442304    
         100         900 -0.338721782    
           0         900 -0.338313490    
           0        1000 -0.332089275    
         100        1000 -0.321964234    
         200        1000 -0.314456731    
         300        1000 -0.317575246    
         400        1000 -0.319988936    
         500        1000 -0.322564453    
         600        1000 -0.322590679    
         700        1000 -0.312960058    
         800        1000 -0.286157668    
         900        1000 -0.247882545    
        1000        1000 -0.253710389    
        1100        1000 -0.270857155    
        1200        1000 -0.304159462    
        1300        1000 -0.329062253    
        1400        1000 -0.335856289    
        1500        1000 -0.338596314    
        1600        1000 -0.337844700    
        1700        1000 -0.337578863    
        1800        1000 -0.342568964    
        1900        1000 -0.329618067    
        2000        1000 -0.346380383    
        2000        1100 -0.326343983    
        1900        1100 -0.316425472    
        1800        1100 -0.315560013    
        1700        1100 -0.321972281    
        1600        1100 -0.326522499    
        1500        1100 -0.326390475    
        1400        1100 -0.327350408    
        1300        1100 -0.322344512    
        1200        1100 -0.312575608    
        1100        1100 -0.252768338    
        1000        1100 -0.254992783    
         900        1100 -0.270031631    
         800        1100 -0.286109984    
         700        1100 -0.309902668    
         600        1100 -0.327473193    
         500        1100 -0.332291931    
         400        1100 -0.336180240    
         300        1100 -0.338726550    
         200        1100 -0.338799268    
         100        1100 -0.341868609    
           0        1100 -0.342657775    
           0        1200 -0.338454157    
         100        1200 -0.330539256    
         200        1200 -0.320513159    
         300        1200 -0.323462695    
         400        1200 -0.326723665    
         500        1200 -0.327797741    
         600        1200 -0.328352660    
         700        1200 -0.324661344    
         800        1200 -0.311761141    
         900        1200 -0.274431348    
        1000        1200 -0.272553802    
        1100        1200 -0.292827129    
        1200        1200 -0.316917211    
        1300        1200 -0.329950958    
        1400        1200 -0.335120171    
        1500        1200 -0.337558597    
        1600        1200 -0.339078218    
        1700        1200 -0.338734597    
        1800        1200 -0.339122921    
        1900        1200 -0.339171797    
        2000        1200 -0.340916425    
        2000        1300 -0.344978482    
        1900        1300 -0.324325472    
        1800        1300 -0.327289611    
        1700        1300 -0.323837012    
        1600        1300 -0.329627305    
        1500        1300 -0.341331273    
        1400        1300 -0.325812906    
        1300        1300 -0.330194443    
        1200        1300 -0.326811284    
        1100        1300 -0.310752928    
        1000        1300 -0.290750802    
         900        1300 -0.300380528    
         800        1300 -0.302488148    
         700        1300 -0.321158081    
         600        1300 -0.330228120    
         500        1300 -0.333769530    
         400        1300 -0.338173121    
         300        1300 -0.341604859    
         200        1300 -0.343417734    
         100        1300 -0.344414622    
           0        1300 -0.343997091    
           0        1400 -0.343941063    
         100        1400 -0.340480417    
         200        1400 -0.330129474    
         300        1400 -0.330481738    
         400        1400 -0.332732111    
         500        1400 -0.333698004    
         600        1400 -0.334764332    
         700        1400 -0.334003478    
         800        1400 -0.333386868    
         900        1400 -0.326766580    
        1000        1400 -0.323403984    
        1100        1400 -0.323879033    
        1200        1400 -0.326179177    
        1300        1400 -0.332648665    
        1400        1400 -0.336083084    
        1500        1400 -0.341276437    
        1600        1400 -0.344327003    
        1700        1400 -0.346794039    
        1800        1400 -0.345126003    
        1900        1400 -0.345572442    
        2000        1400 -0.347325414    
        2000        1500 -0.349647313    
        1900        1500 -0.343644828    
        1800        1500 -0.339097887    
        1700        1500 -0.338270277    
        1600        1500 -0.338441342    
        1500        1500 -0.336879998    
        1400        1500 -0.337352961    
        1300        1500 -0.338013381    
        1200        1500 -0.336177558    
        1100        1500 -0.334373027    
        1000        1500 -0.333187193    
         900        1500 -0.333202988    
         800        1500 -0.333266169    
         700        1500 -0.336980432    
         600        1500 -0.339710027    
         500        1500 -0.341736883    
         400        1500 -0.344644099    
         300        1500 -0.347287863    
         200        1500 -0.349174947    
         100        1500 -0.350249022    
           0        1500 -0.349180013    
           0        1600 -0.350143522    
         100        1600 -0.349869043    
         200        1600 -0.346061796    
         300        1600 -0.344952255    
         400        1600 -0.342185110    
         500        1600 -0.342974275    
         600        1600 -0.344872683    
         700        1600 -0.343759865    
         800        1600 -0.345120937    
         900        1600 -0.345431775    
        1000        1600 -0.345556647    
        1100        1600 -0.345781654    
        1200        1600 -0.348220974    
        1300        1600 -0.347240776    
        1400        1600 -0.347327203    
        1500        1600 -0.353110641    
        1600        1600 -0.353506416    
        1700        1600 -0.356221110    
        1800        1600 -0.355529100    
        1900        1600 -0.355341941    
        2000        1600 -0.357116371    
        2000        1700 -0.356169850    
        1900        1700 -0.355844706    
        1800        1700 -0.354783744    
        1700        1700 -0.353028983    
        1600        1700 -0.353303462    
        1500        1700 -0.351963848    
        1400        1700 -0.351222962    
        1300        1700 -0.352008551    
        1200        1700 -0.352743477    
        1100        1700 -0.351391941    
        1000        1700 -0.352007061    
         900        1700 -0.351025969    
         800        1700 -0.352786988    
         700        1700 -0.352818578    
         600        1700 -0.352834970    
         500        1700 -0.352480620    
         400        1700 -0.355223924    
         300        1700 -0.354215711    
         200        1700 -0.354999810    
         100        1700 -0.354762584    
           0        1700 -0.354845732    
           0        1800 -0.354903847    
         100        1800 -0.354741722    
         200        1800 -0.355412871    
         300        1800 -0.356098920    
         400        1800 -0.357024878    
         500        1800 -0.356266111    
         600        1800 -0.356265217    
         700        1800 -0.356876463    
         800        1800 -0.356026500    
         900        1800 -0.357202798    
        1000        1800 -0.356700927    
        1100        1800 -0.357302636    
        1200        1800 -0.356981069    
        1300        1800 -0.357126802    
        1400        1800 -0.357593507    
        1500        1800 -0.359031767    
        1600        1800 -0.358726293    
        1700        1800 -0.359121770    
        1800        1800 -0.358531982    
        1900        1800 -0.358252436    
        2000        1800 -0.358711690    
        2000        1900 -0.357556254    
        1900        1900 -0.358520061    
        1800        1900 -0.359858185    
        1700        1900 -0.357988089    
        1600        1900 -0.358904213    
        1500        1900 -0.360101670    
        1400        1900 -0.357834905    
        1300        1900 -0.359772354    
        1200        1900 -0.359665960    
        1100        1900 -0.360135049    
        1000        1900 -0.358561188    
         900        1900 -0.358825833    
         800        1900 -0.361502379    
         700        1900 -0.359553009    
         600        1900 -0.359720796    
         500        1900 -0.360249788    
         400        1900 -0.359442145    
         300        1900 -0.359283000    
         200        1900 -0.359571189    
         100        1900 -0.359711856    
           0        1900 -0.358785003    
           0        2000 -0.359372407    
         100        2000 -0.359224290    
         200        2000 -0.360664338    
         300        2000 -0.358732849    
         400        2000 -0.361847490    
         500        2000 -0.359352142    
         600        2000 -0.360564500    
         700        2000 -0.361711293    
         800        2000 -0.358393103    
         900        2000 -0.360944778    
        1000        2000 -0.362021238    
        1100        2000 -0.360135943    
        1200        2000 -0.361501783    
        1300        2000 -0.360999614    
        1400        2000 -0.360346943    
        1500        2000 -0.362394661    
        1600        2000 -0.363745600    
        1700        2000 -0.362087697    
        1800        2000 -0.362521917    
        1900        2000 -0.362703711    
        2000        2000 -0.363559037    
