           0           0 -0.271413118    
         100           0 -0.323511124    
         200           0 -0.315224290    
         300           0 -0.311089098    
         400           0 -0.308932304    
         500           0 -0.306529641    
         600           0 -0.307624578    
         700           0 -0.302418411    
         800           0 -0.301819086    
         900           0 -0.303165257    
        1000           0 -0.302880943    
        1100           0 -0.303114295    
        1200           0 -0.303352416    
        1300           0 -0.304610670    
        1400           0 -0.305724084    
        1500           0 -0.307175159    
        1600           0 -0.308244467    
        1700           0 -0.311509311    
        1800           0 -0.310896873    
        1900           0 -0.311887205    
        2000           0 -0.312458515    
        2000         100 -0.310501993    
        1900         100 -0.307587028    
        1800         100 -0.306481957    
        1700         100 -0.308390200    
        1600         100 -0.309998333    
        1500         100 -0.310991347    
        1400         100 -0.312817901    
        1300         100 -0.313545078    
        1200         100 -0.316351861    
        1100         100 -0.317545444    
        1000         100 -0.317879528    
         900         100 -0.319399446    
         800         100 -0.321782142    
         700         100 -0.324250668    
         600         100 -0.324931353    
         500         100 -0.328230172    
         400         100 -0.327940792    
         300         100 -0.332712144    
         200         100 -0.333060831    
         100         100 -0.332798272    
           0         100 -0.333934933    
           0         200 -0.330977052    
         100         200 -0.327155799    
         200         200 -0.319063276    
         300         200 -0.315830022    
         400         200 -0.314656109    
         500         200 -0.313444346    
         600         200 -0.312533289    
         700         200 -0.310469806    
         800         200 -0.312049031    
         900         200 -0.312291622    
        1000         200 -0.312748760    
        1100         200 -0.312415004    
        1200         200 -0.312767535    
        1300         200 -0.314052314    
        1400         200 -0.315073341    
        1500         200 -0.315928370    
        1600         200 -0.316901416    
        1700         200 -0.318200499    
        1800         200 -0.318688363    
        1900         200 -0.319031388    
        2000         200 -0.319890887    
        2000         300 -0.320001155    
        1900         300 -0.317128211    
        1800         300 -0.317708462    
        1700         300 -0.318609089    
        1600         300 -0.319591671    
        1500         300 -0.320281893    
        1400         300 -0.320466965    
        1300         300 -0.322531968    
        1200         300 -0.321685880    
        1100         300 -0.323424548    
        1000         300 -0.323392957    
         900         300 -0.325091392    
         800         300 -0.327097982    
         700         300 -0.329604357    
         600         300 -0.331451207    
         500         300 -0.332662076    
         400         300 -0.334933311    
         300         300 -0.337609857    
         200         300 -0.342625588    
         100         300 -0.341870397    
           0         300 -0.342240244    
           0         400 -0.339460582    
         100         400 -0.333000928    
         200         400 -0.322388321    
         300         400 -0.318486899    
         400         400 -0.316660315    
         500         400 -0.315625280    
         600         400 -0.312749058    
         700         400 -0.308568418    
         800         400 -0.314665645    
         900         400 -0.310099363    
        1000         400 -0.311902702    
        1100         400 -0.313646704    
        1200         400 -0.314338714    
        1300         400 -0.316907972    
        1400         400 -0.318132550    
        1500         400 -0.319621474    
        1600         400 -0.320937544    
        1700         400 -0.322386533    
        1800         400 -0.324664921    
        1900         400 -0.323971421    
        2000         400 -0.324852079    
        2000         500 -0.321536273    
        1900         500 -0.318360537    
        1800         500 -0.317658991    
        1700         500 -0.318275303    
        1600         500 -0.317983836    
        1500         500 -0.318545610    
        1400         500 -0.318119138    
        1300         500 -0.317693561    
        1200         500 -0.317325801    
        1100         500 -0.317633957    
        1000         500 -0.318809956    
         900         500 -0.320266396    
         800         500 -0.323091656    
         700         500 -0.325963408    
         600         500 -0.329661280    
         500         500 -0.332312793    
         400         500 -0.335198253    
         300         500 -0.339628071    
         200         500 -0.342994243    
         100         500 -0.344962388    
           0         500 -0.350286275    
           0         600 -0.341840893    
         100         600 -0.330763668    
         200         600 -0.316572100    
         300         600 -0.312851578    
         400         600 -0.310584843    
         500         600 -0.308351159    
         600         600 -0.306008697    
         700         600 -0.305935383    
         800         600 -0.306498945    
         900         600 -0.305060387    
        1000         600 -0.307528317    
        1100         600 -0.308435500    
        1200         600 -0.311658323    
        1300         600 -0.314708859    
        1400         600 -0.317457229    
        1500         600 -0.319064766    
        1600         600 -0.321863800    
        1700         600 -0.323425144    
        1800         600 -0.324049205    
        1900         600 -0.325148314    
        2000         600 -0.325181097    
        2000         700 -0.319975823    
        1900         700 -0.313235134    
        1800         700 -0.312231719    
        1700         700 -0.312157214    
        1600         700 -0.312454939    
        1500         700 -0.312669784    
        1400         700 -0.312220693    
        1300         700 -0.311617196    
        1200         700 -0.310636103    
        1100         700 -0.309366822    
        1000         700 -0.307081878    
         900         700 -0.305415332    
         800         700 -0.306463480    
         700         700 -0.313883036    
         600         700 -0.321168214    
         500         700 -0.327269346    
         400         700 -0.331700653    
         300         700 -0.338086098    
         200         700 -0.342074841    
         100         700 -0.343917221    
           0         700 -0.344552606    
           0         800 -0.340129644    
         100         800 -0.322460741    
         200         800 -0.306999028    
         300         800 -0.305230856    
         400         800 -0.304828227    
         500         800 -0.305676401    
         600         800 -0.304989755    
         700         800 -0.305958033    
         800         800 -0.303433180    
         900         800 -0.291418970    
        1000         800 -0.277537644    
        1100         800 -0.290007234    
        1200         800 -0.301383078    
        1300         800 -0.312144399    
        1400         800 -0.318332523    
        1500         800 -0.320122451    
        1600         800 -0.323332459    
        1700         800 -0.324025065    
        1800         800 -0.323868304    
        1900         800 -0.327238053    
        2000         800 -0.325545877    
        2000         900 -0.313636869    
        1900         900 -0.306609809    
        1800         900 -0.306853890    
        1700         900 -0.309345067    
        1600         900 -0.312867373    
        1500         900 -0.313964099    
        1400         900 -0.314268678    
        1300         900 -0.313257784    
        1200         900 -0.309428811    
        1100         900 -0.285248995    
        1000         900 -0.265753210    
         900         900 -0.260658503    
         800         900 -0.285130084    
         700         900 -0.305740178    
         600         900 -0.321252257    
         500         900 -0.328220934    
         400         900 -0.334781915    
         300         900 -0.339884967    
         200         900 -0.342976958    
         100         900 -0.349721223    
           0         900 -0.343247563    
           0        1000 -0.336502403    
         100        1000 -0.322406501    
         200        1000 -0.307965815    
         300        1000 -0.308588684    
         400        1000 -0.310784221    
         500        1000 -0.312490404    
         600        1000 -0.312908202    
         700        1000 -0.309046745    
         800        1000 -0.289896071    
         900        1000 -0.252500117    
        1000        1000 -0.257172823    
        1100        1000 -0.262377501    
        1200        1000 -0.295865476    
        1300        1000 -0.321436137    
        1400        1000 -0.327006191    
        1500        1000 -0.326951057    
        1600        1000 -0.327506572    
        1700        1000 -0.325662106    
        1800        1000 -0.323417991    
        1900        1000 -0.326110929    
        2000        1000 -0.323758036    
        2000        1100 -0.315012842    
        1900        1100 -0.307426989    
        1800        1100 -0.307313740    
        1700        1100 -0.314045161    
        1600        1100 -0.317516834    
        1500        1100 -0.319865853    
        1400        1100 -0.320724458    
        1300        1100 -0.320195764    
        1200        1100 -0.309719682    
        1100        1100 -0.270419061    
        1000        1100 -0.260411739    
         900        1100 -0.265028715    
         800        1100 -0.285421848    
         700        1100 -0.310224533    
         600        1100 -0.327995926    
         500        1100 -0.332933873    
         400        1100 -0.336991757    
         300        1100 -0.341486245    
         200        1100 -0.343478233    
         100        1100 -0.343931824    
           0        1100 -0.343402237    
           0        1200 -0.345667511    
         100        1200 -0.327319115    
         200        1200 -0.312766343    
         300        1200 -0.314224869    
         400        1200 -0.317336529    
         500        1200 -0.317754358    
         600        1200 -0.317236096    
         700        1200 -0.315460175    
         800        1200 -0.302146614    
         900        1200 -0.281781793    
        1000        1200 -0.269907951    
        1100        1200 -0.280665100    
        1200        1200 -0.310521364    
        1300        1200 -0.321027249    
        1400        1200 -0.324782640    
        1500        1200 -0.326105565    
        1600        1200 -0.326142520    
        1700        1200 -0.325463921    
        1800        1200 -0.323758334    
        1900        1200 -0.324521273    
        2000        1200 -0.324313253    
        2000        1300 -0.323834032    
        1900        1300 -0.313677102    
        1800        1300 -0.314324111    
        1700        1300 -0.320688695    
        1600        1300 -0.323929995    
        1500        1300 -0.324088842    
        1400        1300 -0.328957647    
        1300        1300 -0.325096458    
        1200        1300 -0.324221462    
        1100        1300 -0.315156192    
        1000        1300 -0.301608086    
         900        1300 -0.291858256    
         800        1300 -0.308675110    
         700        1300 -0.321219772    
         600        1300 -0.327993542    
         500        1300 -0.333007187    
         400        1300 -0.337408692    
         300        1300 -0.342862517    
         200        1300 -0.346309155    
         100        1300 -0.346744865    
           0        1300 -0.348857254    
           0        1400 -0.352525324    
         100        1400 -0.338127822    
         200        1400 -0.321787506    
         300        1400 -0.321062118    
         400        1400 -0.322213084    
         500        1400 -0.323856980    
         600        1400 -0.323686510    
         700        1400 -0.323989302    
         800        1400 -0.323852211    
         900        1400 -0.317506701    
        1000        1400 -0.313242584    
        1100        1400 -0.310283542    
        1200        1400 -0.318198711    
        1300        1400 -0.322281331    
        1400        1400 -0.324524850    
        1500        1400 -0.326507896    
        1600        1400 -0.328506440    
        1700        1400 -0.328056425    
        1800        1400 -0.328703433    
        1900        1400 -0.327953905    
        2000        1400 -0.327953607    
        2000        1500 -0.330128878    
        1900        1500 -0.326185435    
        1800        1500 -0.325861186    
        1700        1500 -0.328978211    
        1600        1500 -0.331250340    
        1500        1500 -0.331422299    
        1400        1500 -0.333145171    
        1300        1500 -0.332618266    
        1200        1500 -0.333285838    
        1100        1500 -0.333524555    
        1000        1500 -0.331198186    
         900        1500 -0.332198352    
         800        1500 -0.334347695    
         700        1500 -0.336316437    
         600        1500 -0.338438064    
         500        1500 -0.340458959    
         400        1500 -0.344940037    
         300        1500 -0.349427968    
         200        1500 -0.351889640    
         100        1500 -0.353829175    
           0        1500 -0.353885204    
           0        1600 -0.351954013    
         100        1600 -0.355111569    
         200        1600 -0.346489161    
         300        1600 -0.337343425    
         400        1600 -0.332142323    
         500        1600 -0.329349846    
         600        1600 -0.329179674    
         700        1600 -0.330461174    
         800        1600 -0.330578297    
         900        1600 -0.331628829    
        1000        1600 -0.330813140    
        1100        1600 -0.331263751    
        1200        1600 -0.328327030    
        1300        1600 -0.333750755    
        1400        1600 -0.332374483    
        1500        1600 -0.332235903    
        1600        1600 -0.333920926    
        1700        1600 -0.333252162    
        1800        1600 -0.333442003    
        1900        1600 -0.332824796    
        2000        1600 -0.332757145    
        2000        1700 -0.336473495    
        1900        1700 -0.337119609    
        1800        1700 -0.335846752    
        1700        1700 -0.339031130    
        1600        1700 -0.338230640    
        1500        1700 -0.339969605    
        1400        1700 -0.339971095    
        1300        1700 -0.342795163    
        1200        1700 -0.344478101    
        1100        1700 -0.343993515    
        1000        1700 -0.344539493    
         900        1700 -0.345813841    
         800        1700 -0.347424060    
         700        1700 -0.351682812    
         600        1700 -0.351718873    
         500        1700 -0.351623207    
         400        1700 -0.352846891    
         300        1700 -0.354561120    
         200        1700 -0.355214983    
         100        1700 -0.356442839    
           0        1700 -0.355536848    
           0        1800 -0.356214851    
         100        1800 -0.355538934    
         200        1800 -0.355120510    
         300        1800 -0.357595295    
         400        1800 -0.354444891    
         500        1800 -0.351579994    
         600        1800 -0.342726320    
         700        1800 -0.346371144    
         800        1800 -0.344482571    
         900        1800 -0.340370446    
        1000        1800 -0.339302033    
        1100        1800 -0.338703305    
        1200        1800 -0.337409884    
        1300        1800 -0.338127524    
        1400        1800 -0.335033447    
        1500        1800 -0.338316470    
        1600        1800 -0.337478429    
        1700        1800 -0.337745458    
        1800        1800 -0.337293059    
        1900        1800 -0.337459654    
        2000        1800 -0.336589724    
        2000        1900 -0.340933710    
        1900        1900 -0.344900697    
        1800        1900 -0.344603866    
        1700        1900 -0.344796687    
        1600        1900 -0.346490055    
        1500        1900 -0.347595721    
        1400        1900 -0.348931164    
        1300        1900 -0.350137562    
        1200        1900 -0.352474660    
        1100        1900 -0.352986962    
        1000        1900 -0.353546351    
         900        1900 -0.354535788    
         800        1900 -0.354372472    
         700        1900 -0.356753081    
         600        1900 -0.356354624    
         500        1900 -0.356684834    
         400        1900 -0.357344657    
         300        1900 -0.357587844    
         200        1900 -0.358992428    
         100        1900 -0.358692318    
           0        1900 -0.358421415    
           0        2000 -0.358691126    
         100        2000 -0.358841926    
         200        2000 -0.357030541    
         300        2000 -0.358135611    
         400        2000 -0.355579168    
         500        2000 -0.354909509    
         600        2000 -0.356251508    
         700        2000 -0.353574961    
         800        2000 -0.353340119    
         900        2000 -0.352776557    
        1000        2000 -0.352091700    
        1100        2000 -0.351942986    
        1200        2000 -0.352848679    
        1300        2000 -0.352266043    
        1400        2000 -0.350312799    
        1500        2000 -0.350118190    
        1600        2000 -0.348441213    
        1700        2000 -0.346867651    
        1800        2000 -0.343855530    
        1900        2000 -0.342088252    
        2000        2000 -0.340339154    
