           0           0 -0.243077666    
         100           0 -0.327541888    
         200           0 -0.318378121    
         300           0 -0.312900007    
         400           0 -0.315305352    
         500           0 -0.304396093    
         600           0 -0.302726865    
         700           0 -0.301885247    
         800           0 -0.300814748    
         900           0 -0.300916076    
        1000           0 -0.300775111    
        1100           0 -0.301389039    
        1200           0 -0.301214099    
        1300           0 -0.303455234    
        1400           0 -0.303274930    
        1500           0 -0.307436228    
        1600           0 -0.305350363    
        1700           0 -0.305723488    
        1800           0 -0.307091713    
        1900           0 -0.306633353    
        2000           0 -0.307390034    
        2000         100 -0.306287050    
        1900         100 -0.303612590    
        1800         100 -0.302720010    
        1700         100 -0.303504705    
        1600         100 -0.304622889    
        1500         100 -0.304759681    
        1400         100 -0.305944324    
        1300         100 -0.306247711    
        1200         100 -0.307061613    
        1100         100 -0.307217479    
        1000         100 -0.307738721    
         900         100 -0.309894919    
         800         100 -0.309161782    
         700         100 -0.310331821    
         600         100 -0.313088804    
         500         100 -0.312965423    
         400         100 -0.313521832    
         300         100 -0.315140396    
         200         100 -0.315718859    
         100         100 -0.317212552    
           0         100 -0.316623062    
           0         200 -0.317063838    
         100         200 -0.315601438    
         200         200 -0.311741471    
         300         200 -0.309346557    
         400         200 -0.309193671    
         500         200 -0.308953762    
         600         200 -0.308248043    
         700         200 -0.308176219    
         800         200 -0.308334172    
         900         200 -0.308134198    
        1000         200 -0.308481693    
        1100         200 -0.308078468    
        1200         200 -0.308997571    
        1300         200 -0.309440434    
        1400         200 -0.309902072    
        1500         200 -0.310176849    
        1600         200 -0.310702860    
        1700         200 -0.311080754    
        1800         200 -0.311229467    
        1900         200 -0.311855614    
        2000         200 -0.311716437    
        2000         300 -0.311544478    
        1900         300 -0.311176419    
        1800         300 -0.311465800    
        1700         300 -0.311965585    
        1600         300 -0.311911941    
        1500         300 -0.313077778    
        1400         300 -0.313304275    
        1300         300 -0.313677996    
        1200         300 -0.313622564    
        1100         300 -0.314214140    
        1000         300 -0.314363748    
         900         300 -0.314840585    
         800         300 -0.315951914    
         700         300 -0.317197353    
         600         300 -0.319123775    
         500         300 -0.319531471    
         400         300 -0.320808202    
         300         300 -0.322238415    
         200         300 -0.323997945    
         100         300 -0.324916452    
           0         300 -0.325121790    
           0         400 -0.323953837    
         100         400 -0.320883602    
         200         400 -0.315358251    
         300         400 -0.312106550    
         400         400 -0.311725378    
         500         400 -0.307411194    
         600         400 -0.308216155    
         700         400 -0.307961047    
         800         400 -0.306777894    
         900         400 -0.307075918    
        1000         400 -0.307297945    
        1100         400 -0.307955682    
        1200         400 -0.307862699    
        1300         400 -0.309633851    
        1400         400 -0.310685873    
        1500         400 -0.311449707    
        1600         400 -0.312052011    
        1700         400 -0.312316656    
        1800         400 -0.313249439    
        1900         400 -0.313195795    
        2000         400 -0.313278943    
        2000         500 -0.311835051    
        1900         500 -0.311554909    
        1800         500 -0.311902106    
        1700         500 -0.312187016    
        1600         500 -0.311817169    
        1500         500 -0.312263310    
        1400         500 -0.311890781    
        1300         500 -0.310871243    
        1200         500 -0.310514212    
        1100         500 -0.311378181    
        1000         500 -0.310282052    
         900         500 -0.312033534    
         800         500 -0.312695414    
         700         500 -0.312642664    
         600         500 -0.316999763    
         500         500 -0.317696542    
         400         500 -0.320781976    
         300         500 -0.325764924    
         200         500 -0.326467663    
         100         500 -0.327573627    
           0         500 -0.328456968    
           0         600 -0.325599819    
         100         600 -0.319074601    
         200         600 -0.309092939    
         300         600 -0.306518316    
         400         600 -0.305025816    
         500         600 -0.303694546    
         600         600 -0.299133897    
         700         600 -0.301478148    
         800         600 -0.302299500    
         900         600 -0.302875578    
        1000         600 -0.302545071    
        1100         600 -0.303113401    
        1200         600 -0.303925812    
        1300         600 -0.307052374    
        1400         600 -0.309191883    
        1500         600 -0.310428679    
        1600         600 -0.311079860    
        1700         600 -0.313038737    
        1800         600 -0.312936217    
        1900         600 -0.313567728    
        2000         600 -0.313594848    
        2000         700 -0.309765577    
        1900         700 -0.306415498    
        1800         700 -0.306656003    
        1700         700 -0.306927204    
        1600         700 -0.307010949    
        1500         700 -0.306746006    
        1400         700 -0.306606531    
        1300         700 -0.305904388    
        1200         700 -0.303997040    
        1100         700 -0.304355264    
        1000         700 -0.300712824    
         900         700 -0.297366619    
         800         700 -0.296708286    
         700         700 -0.302289963    
         600         700 -0.309739947    
         500         700 -0.315034598    
         400         700 -0.320647568    
         300         700 -0.324850887    
         200         700 -0.327892214    
         100         700 -0.334395677    
           0         700 -0.330404550    
           0         800 -0.324491173    
         100         800 -0.314448684    
         200         800 -0.303238571    
         300         800 -0.300977468    
         400         800 -0.300493777    
         500         800 -0.301101744    
         600         800 -0.301105618    
         700         800 -0.301671267    
         800         800 -0.297789514    
         900         800 -0.292543113    
        1000         800 -0.283728778    
        1100         800 -0.282754540    
        1200         800 -0.291595697    
        1300         800 -0.301505566    
        1400         800 -0.306453943    
        1500         800 -0.309802234    
        1600         800 -0.310747862    
        1700         800 -0.314135462    
        1800         800 -0.312468052    
        1900         800 -0.312854558    
        2000         800 -0.313405305    
        2000         900 -0.305120885    
        1900         900 -0.300659776    
        1800         900 -0.299940050    
        1700         900 -0.302764416    
        1600         900 -0.305369437    
        1500         900 -0.306407452    
        1400         900 -0.306640804    
        1300         900 -0.305497289    
        1200         900 -0.301434934    
        1100         900 -0.282345951    
        1000         900 -0.266026199    
         900         900 -0.268598735    
         800         900 -0.281249225    
         700         900 -0.296992600    
         600         900 -0.309333146    
         500         900 -0.316230863    
         400         900 -0.321228117    
         300         900 -0.330346435    
         200         900 -0.329114109    
         100         900 -0.330218583    
           0         900 -0.329866916    
           0        1000 -0.325503260    
         100        1000 -0.315515608    
         200        1000 -0.303321421    
         300        1000 -0.303123534    
         400        1000 -0.305379868    
         500        1000 -0.305492520    
         600        1000 -0.304168105    
         700        1000 -0.301393211    
         800        1000 -0.284050047    
         900        1000 -0.258228719    
        1000        1000 -0.246275306    
        1100        1000 -0.254450381    
        1200        1000 -0.283328831    
        1300        1000 -0.312296391    
        1400        1000 -0.317445606    
        1500        1000 -0.316009730    
        1600        1000 -0.314655811    
        1700        1000 -0.313365072    
        1800        1000 -0.314772934    
        1900        1000 -0.312051415    
        2000        1000 -0.313866645    
        2000        1100 -0.303384602    
        1900        1100 -0.296212971    
        1800        1100 -0.298349202    
        1700        1100 -0.304423809    
        1600        1100 -0.308676898    
        1500        1100 -0.310384274    
        1400        1100 -0.311005950    
        1300        1100 -0.311923265    
        1200        1100 -0.301960647    
        1100        1100 -0.277183592    
        1000        1100 -0.259317696    
         900        1100 -0.265690625    
         800        1100 -0.280133426    
         700        1100 -0.303327680    
         600        1100 -0.316048771    
         500        1100 -0.319668263    
         400        1100 -0.323306829    
         300        1100 -0.326286465    
         200        1100 -0.328594655    
         100        1100 -0.333178848    
           0        1100 -0.327987880    
           0        1200 -0.325633794    
         100        1200 -0.316619784    
         200        1200 -0.305454969    
         300        1200 -0.305868030    
         400        1200 -0.307044923    
         500        1200 -0.307983994    
         600        1200 -0.307930350    
         700        1200 -0.305862665    
         800        1200 -0.297375560    
         900        1200 -0.267142296    
        1000        1200 -0.267971992    
        1100        1200 -0.278904974    
        1200        1200 -0.299175918    
        1300        1200 -0.309017241    
        1400        1200 -0.312591702    
        1500        1200 -0.313979596    
        1600        1200 -0.313539118    
        1700        1200 -0.312749952    
        1800        1200 -0.311481595    
        1900        1200 -0.312164068    
        2000        1200 -0.315453321    
        2000        1300 -0.309282184    
        1900        1300 -0.302523911    
        1800        1300 -0.303993165    
        1700        1300 -0.308808923    
        1600        1300 -0.310815811    
        1500        1300 -0.312110424    
        1400        1300 -0.313025624    
        1300        1300 -0.313277751    
        1200        1300 -0.311730146    
        1100        1300 -0.304064095    
        1000        1300 -0.287084818    
         900        1300 -0.288453341    
         800        1300 -0.299671829    
         700        1300 -0.310063899    
         600        1300 -0.314265102    
         500        1300 -0.316734225    
         400        1300 -0.320615381    
         300        1300 -0.324934632    
         200        1300 -0.325532764    
         100        1300 -0.326525182    
           0        1300 -0.328672737    
           0        1400 -0.325541407    
         100        1400 -0.317307323    
         200        1400 -0.309232712    
         300        1400 -0.309090853    
         400        1400 -0.309592724    
         500        1400 -0.309914291    
         600        1400 -0.310031116    
         700        1400 -0.310583949    
         800        1400 -0.309283972    
         900        1400 -0.307080090    
        1000        1400 -0.301623285    
        1100        1400 -0.304497123    
        1200        1400 -0.306434572    
        1300        1400 -0.308159232    
        1400        1400 -0.310393512    
        1500        1400 -0.313419014    
        1600        1400 -0.314288944    
        1700        1400 -0.314370900    
        1800        1400 -0.314859658    
        1900        1400 -0.315786809    
        2000        1400 -0.316244870    
        2000        1500 -0.315643460    
        1900        1500 -0.311426163    
        1800        1500 -0.311345994    
        1700        1500 -0.313454181    
        1600        1500 -0.314293414    
        1500        1500 -0.314159900    
        1400        1500 -0.315016121    
        1300        1500 -0.316086322    
        1200        1500 -0.315855652    
        1100        1500 -0.315523952    
        1000        1500 -0.314143211    
         900        1500 -0.314882606    
         800        1500 -0.315167516    
         700        1500 -0.316529781    
         600        1500 -0.317696244    
         500        1500 -0.319687039    
         400        1500 -0.320785254    
         300        1500 -0.323322326    
         200        1500 -0.325033575    
         100        1500 -0.325240999    
           0        1500 -0.326206297    
           0        1600 -0.325794727    
         100        1600 -0.320936948    
         200        1600 -0.313938171    
         300        1600 -0.314097613    
         400        1600 -0.313737005    
         500        1600 -0.314009398    
         600        1600 -0.314568192    
         700        1600 -0.314093441    
         800        1600 -0.315281063    
         900        1600 -0.314918369    
        1000        1600 -0.315490574    
        1100        1600 -0.315658361    
        1200        1600 -0.315447956    
        1300        1600 -0.315874726    
        1400        1600 -0.317121357    
        1500        1600 -0.317690283    
        1600        1600 -0.317812175    
        1700        1600 -0.318632036    
        1800        1600 -0.318820685    
        1900        1600 -0.319547862    
        2000        1600 -0.319999069    
        2000        1700 -0.319666773    
        1900        1700 -0.317284673    
        1800        1700 -0.316819459    
        1700        1700 -0.318091720    
        1600        1700 -0.318229407    
        1500        1700 -0.318570942    
        1400        1700 -0.318726510    
        1300        1700 -0.319717735    
        1200        1700 -0.319421202    
        1100        1700 -0.320093244    
        1000        1700 -0.319166392    
         900        1700 -0.320276231    
         800        1700 -0.321543723    
         700        1700 -0.321359843    
         600        1700 -0.321922511    
         500        1700 -0.322565645    
         400        1700 -0.323300272    
         300        1700 -0.324421436    
         200        1700 -0.325387627    
         100        1700 -0.325772375    
           0        1700 -0.326120764    
           0        1800 -0.325890392    
         100        1800 -0.323007911    
         200        1800 -0.319597632    
         300        1800 -0.318061620    
         400        1800 -0.318922609    
         500        1800 -0.319231659    
         600        1800 -0.318801314    
         700        1800 -0.320440441    
         800        1800 -0.318851978    
         900        1800 -0.320421070    
        1000        1800 -0.319479316    
        1100        1800 -0.319870323    
        1200        1800 -0.319992810    
        1300        1800 -0.320798367    
        1400        1800 -0.321506470    
        1500        1800 -0.322082251    
        1600        1800 -0.321850389    
        1700        1800 -0.322405607    
        1800        1800 -0.322273284    
        1900        1800 -0.323457032    
        2000        1800 -0.323196262    
        2000        1900 -0.323147684    
        1900        1900 -0.320814759    
        1800        1900 -0.321203679    
        1700        1900 -0.321958274    
        1600        1900 -0.321664423    
        1500        1900 -0.321630150    
        1400        1900 -0.323049635    
        1300        1900 -0.322015792    
        1200        1900 -0.323124737    
        1100        1900 -0.322125465    
        1000        1900 -0.324626178    
         900        1900 -0.322768301    
         800        1900 -0.322889596    
         700        1900 -0.323996753    
         600        1900 -0.324041754    
         500        1900 -0.324515611    
         400        1900 -0.325327426    
         300        1900 -0.325710982    
         200        1900 -0.325931519    
         100        1900 -0.327088445    
           0        1900 -0.327128977    
           0        2000 -0.326999336    
         100        2000 -0.325133711    
         200        2000 -0.322555810    
         300        2000 -0.322897643    
         400        2000 -0.322171658    
         500        2000 -0.322864562    
         600        2000 -0.323450178    
         700        2000 -0.322943836    
         800        2000 -0.323431402    
         900        2000 -0.322878867    
        1000        2000 -0.323663265    
        1100        2000 -0.323641509    
        1200        2000 -0.324045032    
        1300        2000 -0.324046820    
        1400        2000 -0.324904531    
        1500        2000 -0.324867874    
        1600        2000 -0.325722009    
        1700        2000 -0.325588793    
        1800        2000 -0.325248748    
        1900        2000 -0.326503724    
        2000        2000 -0.326594621    
