0 0 -0.2430777
1 0 -0.25152412
2 0 -0.25820953
3 0 -0.26367858
4 0 -0.26884127
5 0 -0.27239674
6 0 -0.27542976
7 0 -0.2780753
8 0 -0.28034925
9 0 -0.28240594
10 0 -0.28424287
11 0 -0.2859575
12 0 -0.28748316
13 0 -0.28908035
14 0 -0.2904998
15 0 -0.29219344
16 0 -0.29350913
17 0 -0.29473057
18 0 -0.29596668
19 0 -0.29703334
20 0 -0.298069
20 1 -0.2988908
19 1 -0.299363
18 1 -0.29969868
17 1 -0.3000793
16 1 -0.30053365
15 1 -0.30095625
14 1 -0.30145505
13 1 -0.3019343
12 1 -0.30244702
11 1 -0.30292407
10 1 -0.30340552
9 1 -0.30405447
8 1 -0.3045652
7 1 -0.30514187
6 1 -0.30593657
5 1 -0.30663946
4 1 -0.3073277
3 1 -0.30810896
2 1 -0.30886996
1 1 -0.3097042
0 1 -0.3103961
0 2 -0.31106287
1 2 -0.31151673
2 2 -0.3115392
3 2 -0.31131995
4 2 -0.3111073
5 2 -0.31089196
6 2 -0.31062755
7 2 -0.31038243
8 2 -0.3101776
9 2 -0.30997324
10 2 -0.30982408
11 2 -0.30964953
12 2 -0.30958432
13 2 -0.30956993
14 2 -0.30960312
15 2 -0.3096605
16 2 -0.30976474
17 2 -0.30989635
18 2 -0.31002966
19 2 -0.31021225
20 2 -0.31036267
20 3 -0.31048083
19 3 -0.3105504
18 3 -0.31064194
17 3 -0.3107743
16 3 -0.31088805
15 3 -0.31110704
14 3 -0.31132677
13 3 -0.31156188
12 3 -0.31176797
11 3 -0.31201258
10 3 -0.3122477
9 3 -0.31250697
8 3 -0.31285146
7 3 -0.31328604
6 3 -0.3138698
5 3 -0.31443596
4 3 -0.3150732
3 3 -0.31578973
2 3 -0.31661054
1 3 -0.31744114
0 3 -0.3182092
0 4 -0.31878367
1 4 -0.31899366
2 4 -0.31863013
3 4 -0.31797776
4 4 -0.3173525
5 4 -0.31635836
6 4 -0.31554413
7 4 -0.3147858
8 4 -0.31398502
9 4 -0.3132941
10 4 -0.3126945
11 4 -0.3122206
12 4 -0.3117848
13 4 -0.31156972
14 4 -0.31148133
15 4 -0.31147817
16 4 -0.31153554
17 4 -0.31161365
18 4 -0.31177723
19 4 -0.3119191
20 4 -0.31205508
20 5 -0.3120331
19 5 -0.31198525
18 5 -0.31197694
17 5 -0.31199795
16 5 -0.31197986
15 5 -0.3120082
14 5 -0.31199646
13 5 -0.31188393
12 5 -0.31174695
11 5 -0.3117101
10 5 -0.31156728
9 5 -0.3116139
8 5 -0.31172204
7 5 -0.3118141
6 5 -0.31233266
5 5 -0.31286904
4 5 -0.31366032
3 5 -0.31487077
2 5 -0.31603047
1 5 -0.31718478
0 5 -0.318312
0 6 -0.31904078
1 6 -0.31904417
2 6 -0.31804904
3 6 -0.31689596
4 6 -0.31570894
5 6 -0.31450748
6 6 -0.31297013
7 6 -0.31182092
8 6 -0.31086877
9 6 -0.31006944
10 6 -0.309317
11 6 -0.30869663
12 6 -0.30821955
13 6 -0.30810285
14 6 -0.30821174
15 6 -0.30843344
16 6 -0.3086981
17 6 -0.30913216
18 6 -0.30951256
19 6 -0.30991808
20 6 -0.31028575
20 7 -0.31023374
19 7 -0.3098519
18 7 -0.3095323
17 7 -0.3092718
16 7 -0.30904573
15 7 -0.30881575
14 7 -0.30859482
13 7 -0.30832577
12 7 -0.3078929
11 7 -0.30753914
10 7 -0.3068565
9 7 -0.30590752
8 7 -0.30498758
7 7 -0.3047178
6 7 -0.30522
5 7 -0.30620146
4 7 -0.30764607
3 7 -0.30936655
2 7 -0.31121913
1 7 -0.3135368
0 7 -0.31522357
0 8 -0.31615034
1 8 -0.31598017
2 8 -0.314706
3 8 -0.31333315
4 8 -0.3120492
5 8 -0.31095445
6 8 -0.30996957
7 8 -0.30913973
8 8 -0.3080047
9 8 -0.30645853
10 8 -0.30418557
11 8 -0.30204245
12 8 -0.30099776
13 8 -0.30104855
14 8 -0.30158907
15 8 -0.3024104
16 8 -0.30324414
17 8 -0.30433327
18 8 -0.30514675
19 8 -0.30591753
20 8 -0.3066663
20 9 -0.30651176
19 9 -0.30592656
18 9 -0.30532792
17 9 -0.30507156
16 9 -0.30510134
15 9 -0.30523196
14 9 -0.30537283
13 9 -0.3053853
12 9 -0.30499026
11 9 -0.30272582
10 9 -0.29905584
9 9 -0.29601014
8 9 -0.29453406
7 9 -0.2947799
6 9 -0.29623523
5 9 -0.2982348
4 9 -0.30053413
3 9 -0.30351537
2 9 -0.30607525
1 9 -0.3084896
0 9 -0.3106273
0 10 -0.3121149
1 10 -0.31245497
2 10 -0.31154162
3 10 -0.31069982
4 10 -0.31016782
5 10 -0.30970028
6 10 -0.30914706
7 10 -0.30837166
8 10 -0.3059395
9 10 -0.3011684
10 10 -0.2956791
11 10 -0.2915562
12 10 -0.29073346
13 10 -0.29288974
14 10 -0.29534534
15 10 -0.29741177
16 10 -0.29913616
17 10 -0.30055904
18 10 -0.30198044
19 10 -0.30298755
20 10 -0.30407545
20 11 -0.30400637
19 11 -0.30322704
18 11 -0.30273926
17 11 -0.3029077
16 11 -0.30348462
15 11 -0.30417457
14 11 -0.3048577
13 11 -0.30556425
12 11 -0.30520388
11 11 -0.30240184
10 11 -0.29809344
9 11 -0.29485315
8 11 -0.29338118
7 11 -0.29437584
6 11 -0.29654312
5 11 -0.29885563
4 11 -0.30130076
3 11 -0.30379933
2 11 -0.30627885
1 11 -0.30896884
0 11 -0.31087074
0 12 -0.31234705
1 12 -0.31277433
2 12 -0.3120424
3 12 -0.31142494
4 12 -0.31098694
5 12 -0.31068665
6 12 -0.310411
7 12 -0.30995616
8 12 -0.3086981
9 12 -0.3045425
10 12 -0.30088547
11 12 -0.29868743
12 12 -0.29873627
13 12 -0.29976436
14 12 -0.3010471
15 12 -0.30234033
16 12 -0.3034602
17 12 -0.30438918
18 12 -0.3050984
19 12 -0.30580497
20 12 -0.30676982
20 13 -0.30702105
19 13 -0.30657133
18 13 -0.3063135
17 13 -0.30656305
16 13 -0.30698833
15 13 -0.30750054
14 13 -0.30805305
13 13 -0.3085755
12 13 -0.30889097
11 13 -0.3084083
10 13 -0.30627593
9 13 -0.30449367
8 13 -0.3040115
7 13 -0.30461672
6 13 -0.30558157
5 13 -0.30669683
4 13 -0.3080887
3 13 -0.3097733
2 13 -0.31134924
1 13 -0.31286684
0 13 -0.31444743
0 14 -0.31555682
1 14 -0.31573188
2 14 -0.31508195
3 14 -0.31448284
4 14 -0.3139938
5 14 -0.31358585
6 14 -0.31323037
7 14 -0.31296572
8 14 -0.31259754
9 14 -0.31204578
10 14 -0.31100354
11 14 -0.3103529
12 14 -0.30996105
13 14 -0.30978087
14 14 -0.30984214
15 14 -0.31019983
16 14 -0.31060874
17 14 -0.31098497
18 14 -0.31137243
19 14 -0.31181386
20 14 -0.31225696
20 15 -0.3125956
19 15 -0.31247866
18 15 -0.31236538
17 15 -0.31247425
16 15 -0.31265616
15 15 -0.31280655
14 15 -0.3130275
13 15 -0.3133334
12 15 -0.3135856
11 15 -0.31377944
10 15 -0.31381583
9 15 -0.31392252
8 15 -0.31404704
7 15 -0.31429532
6 15 -0.31463543
5 15 -0.31514058
4 15 -0.31570503
3 15 -0.31646675
2 15 -0.31732345
1 15 -0.3181152
0 15 -0.3189243
0 16 -0.31961134
1 16 -0.3197439
2 16 -0.31916332
3 16 -0.31865674
4 16 -0.31816477
5 16 -0.31774923
6 16 -0.31743112
7 16 -0.31709737
8 16 -0.31691575
9 16 -0.31671602
10 16 -0.31659347
11 16 -0.31649995
12 16 -0.31639475
13 16 -0.31634274
14 16 -0.3164206
15 16 -0.31654757
16 16 -0.31667402
17 16 -0.31686983
18 16 -0.3170649
19 16 -0.3173132
20 16 -0.31758177
20 17 -0.31779027
19 17 -0.31773973
18 17 -0.3176477
17 17 -0.3176921
16 17 -0.31774583
15 17 -0.31782836
14 17 -0.31791818
13 17 -0.31809813
12 17 -0.31823045
11 17 -0.31841674
10 17 -0.3184917
9 17 -0.31867015
8 17 -0.3189575
7 17 -0.31919774
6 17 -0.31947023
5 17 -0.31977978
4 17 -0.32013184
3 17 -0.3205608
2 17 -0.3210435
1 17 -0.3215164
0 17 -0.32197684
0 18 -0.3223682
1 18 -0.3224322
2 18 -0.32214874
3 18 -0.32174003
4 18 -0.32145828
5 18 -0.32123563
6 18 -0.3209922
7 18 -0.32093704
8 18 -0.32072854
9 18 -0.32069778
10 18 -0.32057595
11 18 -0.32050538
12 18 -0.32045412
13 18 -0.32048854
14 18 -0.32059035
15 18 -0.32073954
16 18 -0.3208506
17 18 -0.32100612
18 18 -0.32113284
19 18 -0.32136527
20 18 -0.32154837
20 19 -0.3217083
19 19 -0.32161894
18 19 -0.32157743
17 19 -0.32161552
16 19 -0.3216204
15 19 -0.3216214
14 19 -0.3217642
13 19 -0.32178935
12 19 -0.3219229
11 19 -0.32194316
10 19 -0.32221147
9 19 -0.32226714
8 19 -0.3223294
7 19 -0.32249615
6 19 -0.3226507
5 19 -0.3228372
4 19 -0.32308623
3 19 -0.3233487
2 19 -0.323607
1 19 -0.32395515
0 19 -0.32427254
0 20 -0.32454523
1 20 -0.3246041
2 20 -0.32439926
3 20 -0.3242491
4 20 -0.32404134
5 20 -0.32392365
6 20 -0.3238763
7 20 -0.32378304
8 20 -0.32374787
9 20 -0.32366097
10 20 -0.3236612
11 20 -0.32365924
12 20 -0.32369784
13 20 -0.32373273
14 20 -0.32384992
15 20 -0.32395172
16 20 -0.32412875
17 20 -0.32427475
18 20 -0.32437214
19 20 -0.3245853
20 20 -0.32478622
