0 0 -0.31234047
1 0 -0.31229067
2 0 -0.31208533
3 0 -0.31183437
4 0 -0.3116122
5 0 -0.31131557
6 0 -0.3109298
7 0 -0.31068566
8 0 -0.31042126
9 0 -0.31038755
10 0 -0.3099762
11 0 -0.31022716
12 0 -0.31032383
13 0 -0.31064048
14 0 -0.31138295
15 0 -0.3114154
16 0 -0.31211805
17 0 -0.31318936
18 0 -0.3142277
19 0 -0.31407976
20 0 -0.31520087
20 1 -0.31517988
19 1 -0.3151364
18 1 -0.31546015
17 1 -0.31502068
16 1 -0.31479657
15 1 -0.3144904
14 1 -0.3145219
13 1 -0.314466
12 1 -0.31468767
11 1 -0.31462616
10 1 -0.31467572
9 1 -0.3147692
8 1 -0.3150722
7 1 -0.31576166
6 1 -0.31550947
5 1 -0.3163791
4 1 -0.31623995
3 1 -0.3172695
2 1 -0.3174868
1 1 -0.3179106
0 1 -0.31831005
0 2 -0.31899488
1 2 -0.31937915
2 2 -0.31936646
3 2 -0.31921217
4 2 -0.31906444
5 2 -0.3188728
6 2 -0.3186582
7 2 -0.3183899
8 2 -0.31830615
9 2 -0.31839183
10 2 -0.31859666
11 2 -0.3188042
12 2 -0.31910962
13 2 -0.31966552
14 2 -0.32015407
15 2 -0.3205625
16 2 -0.32117727
17 2 -0.32192728
18 2 -0.32260722
19 2 -0.32323223
20 2 -0.32386628
20 3 -0.3241158
19 3 -0.3243094
18 3 -0.32404256
17 3 -0.32351398
16 3 -0.32311505
15 3 -0.32267022
14 3 -0.3226602
13 3 -0.32234234
12 3 -0.32121193
11 3 -0.32146585
10 3 -0.3213206
9 3 -0.32103348
8 3 -0.3209158
7 3 -0.3210281
6 3 -0.3211309
5 3 -0.32114238
4 3 -0.32152298
3 3 -0.32210135
2 3 -0.32242364
1 3 -0.32306403
0 3 -0.3237032
0 4 -0.32428205
1 4 -0.3244691
2 4 -0.3242662
3 4 -0.32388654
4 4 -0.32358894
5 4 -0.32304326
6 4 -0.3225513
7 4 -0.32236063
8 4 -0.3220572
9 4 -0.32191703
10 4 -0.32188407
11 4 -0.32186285
12 4 -0.32228276
13 4 -0.3229715
14 4 -0.32365045
15 4 -0.3240472
16 4 -0.32452157
17 4 -0.32555258
18 4 -0.3263656
19 4 -0.32720983
20 4 -0.32780847
20 5 -0.32822132
19 5 -0.32793373
18 5 -0.32722816
17 5 -0.32663146
16 5 -0.32565
15 5 -0.32557896
14 5 -0.32294098
13 5 -0.32369295
12 5 -0.32136038
11 5 -0.32123953
10 5 -0.3207085
9 5 -0.3202632
8 5 -0.31973755
7 5 -0.31938207
6 5 -0.3194453
5 5 -0.31972292
4 5 -0.32035425
3 5 -0.3214722
2 5 -0.32241166
1 5 -0.32323518
0 5 -0.32449275
0 6 -0.32464632
1 6 -0.3243648
2 6 -0.32367072
3 6 -0.32307258
4 6 -0.32213017
5 6 -0.32159477
6 6 -0.320208
7 6 -0.31970534
8 6 -0.31891918
9 6 -0.31891772
10 6 -0.31772482
11 6 -0.31778586
12 6 -0.3177722
13 6 -0.31845433
14 6 -0.31911793
15 6 -0.32018873
16 6 -0.3213118
17 6 -0.3220308
18 6 -0.3238399
19 6 -0.3248514
20 6 -0.32690978
20 7 -0.32642493
19 7 -0.32585752
18 7 -0.32488656
17 7 -0.3240196
16 7 -0.32298175
15 7 -0.32223588
14 7 -0.32152274
13 7 -0.3206006
12 7 -0.31941676
11 7 -0.3186062
10 7 -0.3170969
9 7 -0.31542206
8 7 -0.31416544
7 7 -0.31315103
6 7 -0.3133229
5 7 -0.31400457
4 7 -0.31524554
3 7 -0.31676045
2 7 -0.31848145
1 7 -0.3205779
0 7 -0.32223663
0 8 -0.32318145
1 8 -0.32276887
2 8 -0.32170683
3 8 -0.32077152
4 8 -0.31988552
5 8 -0.31935865
6 8 -0.31879002
7 8 -0.3182251
8 8 -0.31734398
9 8 -0.31559053
10 8 -0.31312954
11 8 -0.3111842
12 8 -0.31064758
13 8 -0.31145594
14 8 -0.31222817
15 8 -0.31456292
16 8 -0.3159172
17 8 -0.31775388
18 8 -0.32015088
19 8 -0.32197317
20 8 -0.3236197
20 9 -0.32396638
19 9 -0.3231463
18 9 -0.32213286
17 9 -0.32143095
16 9 -0.32115042
15 9 -0.32110232
14 9 -0.32088917
13 9 -0.3203433
12 9 -0.31906006
11 9 -0.31537786
10 9 -0.3095665
9 9 -0.30535257
8 9 -0.30330077
7 9 -0.30357128
6 9 -0.3052122
5 9 -0.3073211
4 9 -0.30988097
3 9 -0.312193
2 9 -0.31521794
1 9 -0.31756833
0 9 -0.31964284
0 10 -0.32088748
1 10 -0.32099515
2 10 -0.32034132
3 10 -0.32006472
4 10 -0.32005715
5 10 -0.32030788
6 10 -0.32053617
7 10 -0.31977856
8 10 -0.31641647
9 10 -0.30956307
10 10 -0.3039778
11 10 -0.30066574
12 10 -0.3010151
13 10 -0.30381984
14 10 -0.3070235
15 10 -0.31018078
16 10 -0.31294718
17 10 -0.31541035
18 10 -0.3181262
19 10 -0.31927538
20 10 -0.32198587
20 11 -0.32242167
19 11 -0.32182205
18 11 -0.32119584
17 11 -0.32127348
16 11 -0.32179838
15 11 -0.3222576
14 11 -0.3227669
13 11 -0.32272467
12 11 -0.32170975
11 11 -0.3148156
10 11 -0.30883333
9 11 -0.30495316
8 11 -0.30306885
7 11 -0.3037522
6 11 -0.3061243
5 11 -0.30874106
4 11 -0.311485
3 11 -0.31420916
2 11 -0.31666818
1 11 -0.31918824
0 11 -0.3215352
0 12 -0.3232271
1 12 -0.32395834
2 12 -0.32361382
3 12 -0.3235987
4 12 -0.32391122
5 12 -0.32429987
6 12 -0.32470515
7 12 -0.32470077
8 12 -0.32340682
9 12 -0.31850928
10 12 -0.31391373
11 12 -0.31180507
12 12 -0.3123163
13 12 -0.31407976
14 12 -0.3161838
15 12 -0.3183213
16 12 -0.320397
17 12 -0.32223076
18 12 -0.32391998
19 12 -0.32544518
20 12 -0.3269923
20 13 -0.32879093
19 13 -0.32834437
18 13 -0.3282389
17 13 -0.32779872
16 13 -0.3279816
15 13 -0.32931656
14 13 -0.3289662
13 13 -0.32908902
12 13 -0.32886124
11 13 -0.32705042
10 13 -0.32342046
9 13 -0.32111648
8 13 -0.31925365
7 13 -0.3194441
6 13 -0.3205225
5 13 -0.3218472
4 13 -0.3234798
3 13 -0.32529232
2 13 -0.32710487
1 13 -0.32883584
0 13 -0.33035198
0 14 -0.33171088
1 14 -0.33258784
2 14 -0.332342
3 14 -0.33215597
4 14 -0.33221358
5 14 -0.33236203
6 14 -0.33260226
7 14 -0.3327424
8 14 -0.33280686
9 14 -0.33220282
10 14 -0.33132294
11 14 -0.33057854
12 14 -0.3301386
13 14 -0.3303896
14 14 -0.33095893
15 14 -0.3319907
16 14 -0.33322433
17 14 -0.3345813
18 14 -0.33563575
19 14 -0.33662942
20 14 -0.33769903
20 15 -0.33889386
19 15 -0.33936897
18 15 -0.33934185
17 15 -0.33923468
16 15 -0.33915535
15 15 -0.3389278
14 15 -0.33877033
13 15 -0.33869463
12 15 -0.33844292
11 15 -0.33803594
10 15 -0.33755106
9 15 -0.33711624
8 15 -0.33673123
7 15 -0.33675614
6 15 -0.33705154
5 15 -0.33752006
4 15 -0.33823246
3 15 -0.339138
2 15 -0.34014168
1 15 -0.34115243
0 15 -0.34195518
0 16 -0.34277403
1 16 -0.34348354
2 16 -0.34374136
3 16 -0.34386244
4 16 -0.34369472
5 16 -0.34362268
6 16 -0.34374768
7 16 -0.3437489
8 16 -0.3438861
9 16 -0.34404066
10 16 -0.34419227
11 16 -0.3443512
12 16 -0.3447382
13 16 -0.34498844
14 16 -0.34522232
15 16 -0.34601116
16 16 -0.3467607
17 16 -0.34770674
18 16 -0.348489
19 16 -0.3491743
20 16 -0.3499685
20 17 -0.35058862
19 17 -0.35111424
18 17 -0.3514812
17 17 -0.351636
16 17 -0.35180274
15 17 -0.35181886
14 17 -0.35175928
13 17 -0.3517842
12 17 -0.35188013
11 17 -0.35183132
10 17 -0.3518489
9 17 -0.35176662
8 17 -0.35186866
7 17 -0.35196364
6 17 -0.35205078
5 17 -0.35209376
4 17 -0.35240677
3 17 -0.35258767
2 17 -0.3528289
1 17 -0.35302225
0 17 -0.3532046
0 18 -0.35337454
1 18 -0.35351127
2 18 -0.35370144
3 18 -0.3539412
4 18 -0.35424957
5 18 -0.3544512
6 18 -0.35463262
7 18 -0.354857
8 18 -0.35497394
9 18 -0.35519683
10 18 -0.35534725
11 18 -0.35554278
12 18 -0.3556866
13 18 -0.35583064
14 18 -0.35600692
15 18 -0.3563094
16 18 -0.3565511
17 18 -0.3568082
18 18 -0.35698056
19 18 -0.35710776
20 18 -0.35726815
20 19 -0.35729697
19 19 -0.35741928
18 19 -0.35766318
17 19 -0.35769567
16 19 -0.35781652
15 19 -0.35804504
14 19 -0.35802403
13 19 -0.35819885
12 19 -0.35834557
11 19 -0.35852453
10 19 -0.3585282
9 19 -0.35855797
8 19 -0.35885242
7 19 -0.35892248
6 19 -0.35900232
5 19 -0.35912707
4 19 -0.35915858
3 19 -0.35917103
2 19 -0.35921106
1 19 -0.35926113
0 19 -0.3592135
0 20 -0.3592294
1 20 -0.35922888
2 20 -0.35937244
3 20 -0.35930848
4 20 -0.3595624
5 20 -0.3595414
6 20 -0.3596437
7 20 -0.35985047
8 20 -0.35970473
9 20 -0.35982874
10 20 -0.360048
11 20 -0.3600568
12 20 -0.3602013
13 20 -0.36028114
14 20 -0.36028773
15 20 -0.36049843
16 20 -0.36082315
17 20 -0.3609496
18 20 -0.36110684
19 20 -0.36126652
20 20 -0.36149576
