0 0 -0.2714131
1 0 -0.2766229
2 0 -0.28048304
3 0 -0.28354365
4 0 -0.2860825
5 0 -0.2881272
6 0 -0.29007694
7 0 -0.2913111
8 0 -0.2923619
9 0 -0.29344222
10 0 -0.2943861
11 0 -0.2952589
12 0 -0.29606825
13 0 -0.2969225
14 0 -0.29780266
15 0 -0.2987399
16 0 -0.29969037
17 0 -0.30087227
18 0 -0.30187473
19 0 -0.30287597
20 0 -0.30383423
20 1 -0.304501
19 1 -0.3048096
18 1 -0.30497682
17 1 -0.30531815
16 1 -0.30578616
15 1 -0.3063067
14 1 -0.3069578
13 1 -0.30761653
12 1 -0.30849007
11 1 -0.3093956
10 1 -0.310244
9 1 -0.31115955
8 1 -0.31222183
7 1 -0.3134247
6 1 -0.31457537
5 1 -0.31594086
4 1 -0.31714085
3 1 -0.318698
2 1 -0.32013428
1 1 -0.32140067
0 1 -0.3226541
0 2 -0.3234864
1 2 -0.32385334
2 2 -0.32337433
3 2 -0.32261992
4 2 -0.32182354
5 2 -0.32098562
6 2 -0.3201404
7 2 -0.31917334
8 2 -0.3184609
9 2 -0.31784397
10 2 -0.31733444
11 2 -0.3168425
12 2 -0.316435
13 2 -0.31619674
14 2 -0.3160844
15 2 -0.3160688
16 2 -0.31615207
17 2 -0.3163569
18 2 -0.31659004
19 2 -0.31683418
20 2 -0.31713986
20 3 -0.317426
19 3 -0.31739622
18 3 -0.31742746
17 3 -0.31754562
16 3 -0.31775022
15 3 -0.3180034
14 3 -0.31824973
13 3 -0.31867796
12 3 -0.31897876
11 3 -0.31942335
10 3 -0.3198203
9 3 -0.32034743
8 3 -0.32102248
7 3 -0.32188067
6 3 -0.3228377
5 3 -0.32382014
4 3 -0.32493147
3 3 -0.32619932
2 3 -0.32784194
1 3 -0.3292448
0 3 -0.33054435
0 4 -0.33143598
1 4 -0.33159247
2 4 -0.33067206
3 4 -0.32945353
4 4 -0.3281742
5 4 -0.32691932
6 4 -0.3255023
7 4 -0.3238089
8 4 -0.32289457
9 4 -0.32161504
10 4 -0.3206438
11 4 -0.3199441
12 4 -0.31938356
13 4 -0.319136
14 4 -0.31903565
15 4 -0.31909424
16 4 -0.31927857
17 4 -0.31958938
18 4 -0.32009694
19 4 -0.3204844
20 4 -0.32092118
20 5 -0.3209827
19 5 -0.3207205
18 5 -0.32041433
17 5 -0.32020044
16 5 -0.31997877
15 5 -0.31983545
14 5 -0.31966382
13 5 -0.3194668
12 5 -0.3192527
11 5 -0.3190908
10 5 -0.31906274
9 5 -0.3191831
8 5 -0.31957397
7 5 -0.3202129
6 5 -0.32115775
5 5 -0.32227325
4 5 -0.32356575
3 5 -0.32517198
2 5 -0.32695422
1 5 -0.32875502
0 5 -0.33090815
0 6 -0.33200142
1 6 -0.33187765
2 6 -0.3303471
3 6 -0.32859755
4 6 -0.32679626
5 6 -0.32495174
6 6 -0.32305744
7 6 -0.32134524
8 6 -0.3198606
9 6 -0.3183806
10 6 -0.31729537
11 6 -0.31640938
12 6 -0.31593427
13 6 -0.31581172
14 6 -0.31597626
15 6 -0.3162851
16 6 -0.31684297
17 6 -0.3175012
18 6 -0.318156
19 6 -0.31885523
20 6 -0.3194878
20 7 -0.31953663
19 7 -0.3189065
18 7 -0.318239
17 7 -0.31763083
16 7 -0.31711325
15 7 -0.3166689
14 7 -0.31622407
13 7 -0.31576338
12 7 -0.31525066
11 7 -0.31466228
10 7 -0.31390423
9 7 -0.31305534
8 7 -0.31239614
7 7 -0.31254482
6 7 -0.31340715
5 7 -0.31479338
4 7 -0.3164841
3 7 -0.3186443
2 7 -0.32098734
1 7 -0.32328033
0 7 -0.32540756
0 8 -0.32687977
1 8 -0.32643786
2 8 -0.32449397
3 8 -0.32256767
4 8 -0.32079372
5 8 -0.319282
6 8 -0.31785277
7 8 -0.3166633
8 8 -0.31534028
9 8 -0.31294814
10 8 -0.3094071
11 8 -0.3074671
12 8 -0.3068587
13 8 -0.30738726
14 8 -0.30848178
15 8 -0.30964586
16 8 -0.31101453
17 8 -0.31231558
18 8 -0.31347087
19 8 -0.3148476
20 8 -0.31591743
20 9 -0.31568938
19 9 -0.31478143
18 9 -0.3139887
17 9 -0.31352434
16 9 -0.31345865
15 9 -0.3135092
14 9 -0.31358513
13 9 -0.3135524
12 9 -0.31314003
11 9 -0.31035092
10 9 -0.30589116
9 9 -0.30136788
8 9 -0.2997441
7 9 -0.3003437
6 9 -0.30243456
5 9 -0.3050132
4 9 -0.30799007
3 9 -0.31117958
2 9 -0.3143593
1 9 -0.3178955
0 9 -0.3204307
0 10 -0.32203788
1 10 -0.32207474
2 10 -0.32066384
3 10 -0.3194563
4 10 -0.3185891
5 10 -0.31797922
6 10 -0.31747213
7 10 -0.3166296
8 10 -0.31395623
9 10 -0.3078106
10 10 -0.30274683
11 10 -0.2987099
12 10 -0.29842547
13 10 -0.30072653
14 10 -0.3033545
15 10 -0.30571416
16 10 -0.3078934
17 10 -0.30967027
18 10 -0.31104505
19 10 -0.31255165
20 10 -0.31367227
20 11 -0.31380633
19 11 -0.31316838
18 11 -0.3125829
17 11 -0.31272915
16 11 -0.31320792
15 11 -0.3138737
14 11 -0.31455877
13 11 -0.3151225
12 11 -0.3145822
11 11 -0.31016588
10 11 -0.30519047
9 11 -0.30117428
8 11 -0.29959905
7 11 -0.3006616
6 11 -0.30339503
5 11 -0.30634892
4 11 -0.3094132
3 11 -0.3126205
2 11 -0.31570625
1 11 -0.3185288
0 11 -0.32101613
0 12 -0.32348126
1 12 -0.32386506
2 12 -0.3227552
3 12 -0.32190216
4 12 -0.32144558
5 12 -0.32107645
6 12 -0.32069242
7 12 -0.3201692
8 12 -0.31836694
9 12 -0.31470844
10 12 -0.31022838
11 12 -0.30727205
12 12 -0.30759698
13 12 -0.30894002
14 12 -0.31052428
15 12 -0.3120824
16 12 -0.31348842
17 12 -0.31468597
18 12 -0.3155932
19 12 -0.31648603
20 12 -0.31726876
20 13 -0.31792527
19 13 -0.31750047
18 13 -0.31718284
17 13 -0.31753343
16 13 -0.31817308
15 13 -0.31876466
14 13 -0.31978396
13 13 -0.3203152
12 13 -0.32070583
11 13 -0.32015088
10 13 -0.3182966
9 13 -0.3156528
8 13 -0.31495503
7 13 -0.3155815
6 13 -0.3168227
5 13 -0.31844115
4 13 -0.32033792
3 13 -0.32259038
2 13 -0.32496226
1 13 -0.3271405
0 13 -0.32931218
0 14 -0.33163348
1 14 -0.3322829
2 14 -0.33123335
3 14 -0.33021623
4 14 -0.32941592
5 14 -0.32886
6 14 -0.32834268
7 14 -0.32790735
8 14 -0.32750183
9 14 -0.32650232
10 14 -0.32517636
11 14 -0.32368708
12 14 -0.32313824
13 14 -0.32305256
14 14 -0.32319978
15 14 -0.32353058
16 14 -0.32402816
17 14 -0.324431
18 14 -0.32485825
19 14 -0.3251678
20 14 -0.3254464
20 15 -0.32591465
19 15 -0.32594174
18 15 -0.3259337
17 15 -0.32623816
16 15 -0.32673937
15 15 -0.32720765
14 15 -0.3278014
13 15 -0.3282831
12 15 -0.32878336
11 15 -0.3292575
10 15 -0.32945156
9 15 -0.32972625
8 15 -0.3301884
7 15 -0.3308012
6 15 -0.33156487
5 15 -0.3324543
4 15 -0.33370286
3 15 -0.33527538
2 15 -0.3369368
1 15 -0.33862603
0 15 -0.34015194
0 16 -0.34133214
1 16 -0.34271008
2 16 -0.343088
3 16 -0.34251353
4 16 -0.3414764
5 16 -0.34026375
6 16 -0.33915535
7 16 -0.33828592
8 16 -0.33751518
9 16 -0.33692655
10 16 -0.3363152
11 16 -0.33581007
12 16 -0.33506176
13 16 -0.33493066
14 16 -0.33467504
15 16 -0.33443114
16 16 -0.33438012
17 16 -0.33426732
18 16 -0.3341848
19 16 -0.3340488
20 16 -0.33391964
20 17 -0.33417502
19 17 -0.33446947
18 17 -0.33460718
17 17 -0.33504957
16 17 -0.33536768
15 17 -0.3358279
14 17 -0.3362422
13 17 -0.3368975
12 17 -0.33765554
11 17 -0.33828935
10 17 -0.33891436
9 17 -0.33960432
8 17 -0.3403863
7 17 -0.34151596
6 17 -0.34253624
5 17 -0.34344494
4 17 -0.34438515
3 17 -0.34540275
2 17 -0.34638396
1 17 -0.34738985
0 17 -0.34820455
0 18 -0.34900558
1 18 -0.3496589
2 18 -0.35020506
3 18 -0.3509441
4 18 -0.3512942
5 18 -0.35132277
6 18 -0.35046312
7 18 -0.35005394
8 18 -0.3494968
9 18 -0.34858418
10 18 -0.34765595
11 18 -0.3467607
12 18 -0.3458256
13 18 -0.34505582
14 18 -0.3440536
15 18 -0.34347987
16 18 -0.34287974
17 18 -0.3423663
18 18 -0.34185898
19 18 -0.34141904
20 18 -0.34093612
20 19 -0.3409359
19 19 -0.34133238
18 19 -0.34165952
17 19 -0.34197325
16 19 -0.34242493
15 19 -0.342942
14 19 -0.3435409
13 19 -0.34420058
12 19 -0.34502798
11 19 -0.34582388
10 19 -0.34659612
9 19 -0.3473901
8 19 -0.34808832
7 19 -0.3489548
6 19 -0.3496948
5 19 -0.3503938
4 19 -0.35108888
3 19 -0.35173878
2 19 -0.35246414
1 19 -0.35308695
0 19 -0.3536204
0 20 -0.3541275
1 20 -0.35459894
2 20 -0.3548421
3 20 -0.35517144
4 20 -0.3552122
5 20 -0.35518193
6 20 -0.3552889
7 20 -0.3551175
8 20 -0.35493976
9 20 -0.35472345
10 20 -0.35446027
11 20 -0.35420853
12 20 -0.35407254
13 20 -0.35389188
14 20 -0.35353398
15 20 -0.35319242
16 20 -0.3527173
17 20 -0.35213235
18 20 -0.35130468
19 20 -0.35038304
20 20 -0.34937865
