0 0 -0.4699979
1 0 -0.4706178
2 0 -0.4733329
3 0 -0.47243008
4 0 -0.47152552
5 0 -0.47459003
6 0 -0.47743064
7 0 -0.4742653
8 0 -0.47713158
9 0 -0.47253287
10 0 -0.47187367
11 0 -0.4728505
12 0 -0.47278434
13 0 -0.47240102
14 0 -0.47207144
15 0 -0.47076112
16 0 -0.46925303
17 0 -0.47293106
18 0 -0.46753132
19 0 -0.46925595
20 0 -0.4724037
20 1 -0.4691588
19 1 -0.46555865
18 1 -0.4642151
17 1 -0.46381715
16 1 -0.46218187
15 1 -0.46191135
14 1 -0.45976362
13 1 -0.45749578
12 1 -0.45537513
11 1 -0.4548285
10 1 -0.4531881
9 1 -0.45104474
8 1 -0.44892043
7 1 -0.4467517
6 1 -0.44386226
5 1 -0.4416828
4 1 -0.43890515
3 1 -0.4380011
2 1 -0.43184155
1 1 -0.42930076
0 1 -0.42517862
0 2 -0.42315248
1 2 -0.41892195
2 2 -0.41614455
3 2 -0.4117148
4 2 -0.40811342
5 2 -0.40435264
6 2 -0.4002234
7 2 -0.39662302
8 2 -0.39288443
9 2 -0.38922274
10 2 -0.3854905
11 2 -0.38154757
12 2 -0.37819353
13 2 -0.37429968
14 2 -0.3717884
15 2 -0.36786622
16 2 -0.36375117
17 2 -0.35924548
18 2 -0.3576566
19 2 -0.35332108
20 2 -0.3519895
20 3 -0.34952465
19 3 -0.34906736
18 3 -0.3434938
17 3 -0.34063217
16 3 -0.3380811
15 3 -0.33590358
14 3 -0.33252072
13 3 -0.32942277
12 3 -0.3284213
11 3 -0.3262982
10 3 -0.32335114
9 3 -0.32219464
8 3 -0.3204546
7 3 -0.31835303
6 3 -0.31660715
5 3 -0.31490764
4 3 -0.31325528
3 3 -0.31172448
2 3 -0.31025377
1 3 -0.30889583
0 3 -0.30751812
0 4 -0.30662236
1 4 -0.30569437
2 4 -0.30481717
3 4 -0.30431324
4 4 -0.3036233
5 4 -0.3032141
6 4 -0.30268505
7 4 -0.30193332
8 4 -0.30200878
9 4 -0.30030268
10 4 -0.29867473
11 4 -0.29880193
12 4 -0.30140647
13 4 -0.29578504
14 4 -0.2963263
15 4 -0.29503015
16 4 -0.2956759
17 4 -0.29202694
18 4 -0.2899092
19 4 -0.28866798
20 4 -0.28757155
20 5 -0.28652734
19 5 -0.2857517
18 5 -0.28506416
17 5 -0.28456855
16 5 -0.284154
15 5 -0.2840268
14 5 -0.28384176
13 5 -0.2835788
12 5 -0.2831396
11 5 -0.28304413
10 5 -0.28320745
9 5 -0.28327313
8 5 -0.28337127
7 5 -0.28340864
6 5 -0.28350142
5 5 -0.28376922
4 5 -0.28422114
3 5 -0.28517625
2 5 -0.2855837
1 5 -0.2859414
0 5 -0.28634277
0 6 -0.28713575
1 6 -0.28826466
2 6 -0.28931838
3 6 -0.2902459
4 6 -0.2912237
5 6 -0.29211017
6 6 -0.29293564
7 6 -0.29349422
8 6 -0.29388022
9 6 -0.29427525
10 6 -0.29023272
11 6 -0.28955302
12 6 -0.2899954
13 6 -0.28990775
14 6 -0.28864798
15 6 -0.283779
16 6 -0.28031167
17 6 -0.28534055
18 6 -0.2880276
19 6 -0.28788355
20 6 -0.28796607
20 7 -0.28519088
19 7 -0.28360784
18 7 -0.2834167
17 7 -0.28348848
16 7 -0.28429708
15 7 -0.2842397
14 7 -0.28466767
13 7 -0.2849526
12 7 -0.28567356
11 7 -0.28677025
10 7 -0.2879055
9 7 -0.28931132
8 7 -0.29077837
7 7 -0.292201
6 7 -0.2936246
5 7 -0.29514977
4 7 -0.29670987
3 7 -0.29848748
2 7 -0.29968157
1 7 -0.3002778
0 7 -0.30069894
0 8 -0.30127415
1 8 -0.30220383
2 8 -0.30324194
3 8 -0.30427834
4 8 -0.30554056
5 8 -0.3072376
6 8 -0.30885848
7 8 -0.31045812
8 8 -0.31145984
9 8 -0.312986
10 8 -0.31307778
11 8 -0.31316373
12 8 -0.31325015
13 8 -0.31244105
14 8 -0.31083995
15 8 -0.3089654
16 8 -0.30680424
17 8 -0.3045652
18 8 -0.30239746
19 8 -0.30031344
20 8 -0.2983935
20 9 -0.2968356
19 9 -0.2957406
18 9 -0.2952423
17 9 -0.29550526
16 9 -0.2962018
15 9 -0.2972116
14 9 -0.29849675
13 9 -0.3001965
12 9 -0.30257398
11 9 -0.3053355
10 9 -0.30901766
9 9 -0.31316838
8 9 -0.31725267
7 9 -0.31987378
6 9 -0.3222735
5 9 -0.32440925
4 9 -0.3260228
3 9 -0.32691345
2 9 -0.32737243
1 9 -0.32646424
0 9 -0.32506868
0 10 -0.32413363
1 10 -0.32381135
2 10 -0.32418635
3 10 -0.32510337
4 10 -0.32673034
5 10 -0.3288825
6 10 -0.331832
7 10 -0.33654642
8 10 -0.34107676
9 10 -0.34700653
10 10 -0.34846237
11 10 -0.34970602
12 10 -0.35004956
13 10 -0.34873483
14 10 -0.34620842
15 10 -0.3424066
16 10 -0.3378311
17 10 -0.33347875
18 10 -0.32815346
19 10 -0.32380354
20 10 -0.31963015
20 11 -0.3161899
19 11 -0.31355435
18 11 -0.3118678
17 11 -0.31097227
16 11 -0.31109363
15 11 -0.31201917
14 11 -0.31355947
13 11 -0.31592572
12 11 -0.31909716
11 11 -0.32448542
10 11 -0.33443406
9 11 -0.3456425
8 11 -0.3533267
7 11 -0.35654452
6 11 -0.3579166
5 11 -0.35859972
4 11 -0.35809287
3 11 -0.35665804
2 11 -0.35421783
1 11 -0.3504873
0 11 -0.34703338
0 12 -0.3441095
1 12 -0.34207994
2 12 -0.34117734
3 12 -0.3407225
4 12 -0.34121177
5 12 -0.34266907
6 12 -0.34553948
7 12 -0.35064307
8 12 -0.36041445
9 12 -0.36732203
10 12 -0.36750513
11 12 -0.36561742
12 12 -0.36325508
13 12 -0.35967445
14 12 -0.3549754
15 12 -0.349562
16 12 -0.34379384
17 12 -0.33823395
18 12 -0.33294675
19 12 -0.32713073
20 12 -0.3226619
20 13 -0.31879908
19 13 -0.31583712
18 13 -0.31353286
17 13 -0.31216982
16 13 -0.3115724
15 13 -0.3118915
14 13 -0.31276456
13 13 -0.31450456
12 13 -0.31716356
11 13 -0.3216846
10 13 -0.32852823
9 13 -0.33650443
8 13 -0.34321156
7 13 -0.34708464
6 13 -0.34890085
5 13 -0.3490405
4 13 -0.347956
3 13 -0.3461874
2 13 -0.34269813
1 13 -0.33923882
0 13 -0.33565527
0 14 -0.3324282
1 14 -0.33033293
2 14 -0.32910636
3 14 -0.32830825
4 14 -0.32806507
5 14 -0.3282787
6 14 -0.32912272
7 14 -0.33079022
8 14 -0.33264524
9 14 -0.33350998
10 14 -0.33304536
11 14 -0.33139887
12 14 -0.32914445
13 14 -0.32613754
14 14 -0.32260627
15 14 -0.31803343
16 14 -0.31470037
17 14 -0.3114066
18 14 -0.30765387
19 14 -0.3048245
20 14 -0.3020537
20 15 -0.29967132
19 15 -0.29793057
18 15 -0.29646596
17 15 -0.29556727
16 15 -0.29518616
15 15 -0.29525867
14 15 -0.29565883
13 15 -0.29650405
12 15 -0.29784757
11 15 -0.29942012
10 15 -0.30102366
9 15 -0.30243847
8 15 -0.30370656
7 15 -0.30456886
6 15 -0.3049856
5 15 -0.30501345
4 15 -0.3045979
3 15 -0.30364186
2 15 -0.30215037
1 15 -0.30037618
0 15 -0.29832855
0 16 -0.29648745
1 16 -0.29500866
2 16 -0.2941588
3 16 -0.29358873
4 16 -0.2932545
5 16 -0.2930958
6 16 -0.29321322
7 16 -0.29325667
8 16 -0.29305404
9 16 -0.29252523
10 16 -0.291659
11 16 -0.2903897
12 16 -0.28914064
13 16 -0.28736645
14 16 -0.28579882
15 16 -0.28437838
16 16 -0.28281486
17 16 -0.28159904
18 16 -0.2805143
19 16 -0.2794447
20 16 -0.2785675
20 17 -0.27775744
19 17 -0.27722958
18 17 -0.27691245
17 17 -0.27674985
16 17 -0.27672982
15 17 -0.27686214
14 17 -0.27709678
13 17 -0.2773072
12 17 -0.27774912
11 17 -0.27816367
10 17 -0.27837682
9 17 -0.27853575
8 17 -0.27851084
7 17 -0.27826843
6 17 -0.27791125
5 17 -0.27740416
4 17 -0.27666464
3 17 -0.2757874
2 17 -0.2748443
1 17 -0.27356863
0 17 -0.27215016
0 18 -0.27051878
1 18 -0.26945823
2 18 -0.268561
3 18 -0.2680378
4 18 -0.26771235
5 18 -0.26755098
6 18 -0.26747602
7 18 -0.26731074
8 18 -0.2673073
9 18 -0.26731732
10 18 -0.26738006
11 18 -0.2673139
12 18 -0.26719648
13 18 -0.26128158
14 18 -0.2561382
15 18 -0.25735745
16 18 -0.26243442
17 18 -0.26786202
18 18 -0.27015135
19 18 -0.27031517
20 18 -0.26848823
20 19 -0.26798165
19 19 -0.26783246
18 19 -0.26762202
17 19 -0.26757368
16 19 -0.26763055
15 19 -0.2677502
14 19 -0.2677961
13 19 -0.26785663
12 19 -0.26796943
11 19 -0.26791644
10 19 -0.26786104
9 19 -0.2677978
8 19 -0.26764742
7 19 -0.26730293
6 19 -0.26687932
5 19 -0.2663129
4 19 -0.26591617
3 19 -0.2651647
2 19 -0.26425087
1 19 -0.2631869
0 19 -0.26198107
0 20 -0.26050058
1 20 -0.2593172
2 20 -0.25844535
3 20 -0.25766775
4 20 -0.2572366
5 20 -0.25704446
6 20 -0.25697145
7 20 -0.25706962
8 20 -0.25724977
9 20 -0.25745925
10 20 -0.25772586
11 20 -0.25803885
12 20 -0.25839362
13 20 -0.2587835
14 20 -0.25906304
15 20 -0.2593106
16 20 -0.2595777
17 20 -0.2598641
18 20 -0.2601175
19 20 -0.2603773
20 20 -0.26053426
