           1           0 -0.476196885    
           2           0 -0.497768998    
           3           0 -0.464304566    
           4           0 -0.463384569    
           5           0 -0.502170503    
           6           0 -0.502996027    
           7           0 -0.445777357    
           8           0 -0.502928078    
           9           0 -0.431144446    
          10           0 -0.465941012    
          11           0 -0.481642067    
          12           0 -0.472188771    
          13           0 -0.468951046    
          14           0 -0.469105124    
          15           0 -0.458968163    
          16           0 -0.455680370    
          17           0 -0.506033182    
          18           0 -0.418933839    
          19           0 -0.484777570    
          20           0 -0.500733435    
          20           1 -0.439954579    
          19           1 -0.433157295    
          18           1 -0.452123165    
          17           1 -0.460235655    
          16           1 -0.447464168    
          15           1 -0.459476590    
          14           1 -0.440434098    
          13           1 -0.437085241    
          12           1 -0.436289221    
          11           1 -0.449908853    
          10           1 -0.438424528    
           9           1 -0.431754500    
           8           1 -0.429801553    
           7           1 -0.427233189    
           6           1 -0.417857081    
           5           1 -0.422067553    
           4           1 -0.413906485    
           3           1 -0.429864734    
           2           1 -0.376405627    
           1           1 -0.406433553    
           0           1 -0.388079494    
           0           2 -0.404917210    
           1           2 -0.380847067    
           2           2 -0.391147941    
           3           2 -0.371847063    
           4           2 -0.375701100    
           5           2 -0.370505661    
           6           2 -0.363060445    
           7           2 -0.364219457    
           8           2 -0.359237105    
           9           2 -0.356267601    
          10           2 -0.351900369    
          11           2 -0.346061200    
          12           2 -0.348007292    
          13           2 -0.339254946    
          14           2 -0.349187165    
          15           2 -0.332566410    
          16           2 -0.326715618    
          17           2 -0.318694323    
          18           2 -0.343356639    
          19           2 -0.314301461    
          20           2 -0.340005368    
          20           3 -0.327340871    
          19           3 -0.344951659    
          18           3 -0.293331683    
          17           3 -0.314877540    
          16           3 -0.315121323    
          15           3 -0.316305965    
          14           3 -0.302075088    
          13           3 -0.301541328    
          12           3 -0.319408089    
          11           3 -0.307190359    
          10           3 -0.296827495    
           9           3 -0.311786175    
           8           3 -0.304794252    
           7           3 -0.299438775    
           6           3 -0.300894320    
           5           3 -0.299612224    
           4           3 -0.298384070    
           3           3 -0.297947466    
           2           3 -0.297017336    
           1           3 -0.296674311    
           0           3 -0.295118928    
           0           4 -0.298560500    
           1           4 -0.297342479    
           2           4 -0.296922266    
           3           4 -0.299777925    
           4           4 -0.297413707    
           5           4 -0.299531460    
           6           4 -0.297923625    
           7           4 -0.295167804    
           8           4 -0.302687824    
           9           4 -0.284947991    
          10           4 -0.284023225    
          11           4 -0.299946606    
          12           4 -0.324847311    
          13           4 -0.245192289    
          14           4 -0.301197708    
          15           4 -0.283364594    
          16           4 -0.301487684    
          17           4 -0.259186268    
          18           4 -0.270849705    
          19           4 -0.277496815    
          20           4 -0.277703643    
          20           5 -0.277129352    
          19           5 -0.278770864    
          18           5 -0.278876364    
          17           5 -0.280108094    
          16           5 -0.280423105    
          15           5 -0.282882094    
          14           5 -0.282176375    
          13           5 -0.281212270    
          12           5 -0.279186606    
          11           5 -0.282185018    
          10           5 -0.284677386    
           9           5 -0.283864379    
           8           5 -0.284254491    
           7           5 -0.283744872    
           6           5 -0.284336448    
           5           5 -0.286179423    
           4           5 -0.288288534    
           3           5 -0.293772161    
           2           5 -0.289250851    
           1           5 -0.289160550    
           0           5 -0.289955080    
           0           6 -0.294272542    
           1           6 -0.298424900    
           2           6 -0.298801899    
           3           6 -0.298593581    
           4           6 -0.300024092    
           5           6 -0.300088465    
           6           6 -0.300364733    
           7           6 -0.298521459    
           8           6 -0.297354102    
           9           6 -0.297830641    
          10           6 -0.253849864    
          11           6 -0.283435822    
          12           6 -0.293976903    
          13           6 -0.289118826    
          14           6 -0.277309954    
          15           6 -0.239958107    
          16           6 -0.249105930    
          17           6 -0.330600351    
          18           6 -0.312211156    
          19           6 -0.286587119    
          20           6 -0.288708746    
          20           7 -0.260214150    
          19           7 -0.269360483    
          18           7 -0.281696260    
          17           7 -0.284134686    
          16           7 -0.291574538    
          15           7 -0.283723414    
          14           7 -0.288519204    
          13           7 -0.287516952    
          12           7 -0.292162240    
          11           7 -0.296640635    
          10           7 -0.298123002    
           9           7 -0.301963627    
           8           7 -0.303981841    
           7           7 -0.305004954    
           6           7 -0.306436956    
           5           7 -0.308876276    
           4           7 -0.310750842    
           3           7 -0.314485937    
           2           7 -0.310428381    
           1           7 -0.305643916    
           0           7 -0.304489076    
           0           8 -0.306450963    
           1           8 -0.310571134    
           2           8 -0.312584847    
           3           8 -0.313605875    
           4           8 -0.316900522    
           5           8 -0.322510809    
           6           8 -0.323446602    
           7           8 -0.324854761    
           8           8 -0.320475310    
           9           8 -0.326721281    
          10           8 -0.313903898    
          11           8 -0.313937277    
          12           8 -0.314027876    
          13           8 -0.305159032    
          14           8 -0.296429932    
          15           8 -0.292094588    
          16           8 -0.287353635    
          17           8 -0.284413636    
          18           8 -0.282887757    
          19           8 -0.281557381    
          20           8 -0.281113923    
          20           9 -0.282814741    
          19           9 -0.285885572    
          18           9 -0.290757656    
          17           9 -0.297871768    
          16           9 -0.302470565    
          15           9 -0.306299865    
          14           9 -0.310063303    
          13           9 -0.315494150    
          12           9 -0.323971421    
          11           9 -0.330189079    
          10           9 -0.342157096    
           9           9 -0.350524694    
           8           9 -0.354011267    
           7           9 -0.343463928    
           6           9 -0.343871027    
           5           9 -0.343631119    
           4           9 -0.340544790    
           3           9 -0.334929138    
           2           9 -0.331503361    
           1           9 -0.318290502    
           0           9 -0.312508553    
           0          10 -0.315718263    
           1          10 -0.320910722    
           2          10 -0.327561408    
           3          10 -0.333356470    
           4          10 -0.341372997    
           5          10 -0.348251671    
           6          10 -0.358377606    
           7          10 -0.378976375    
           8          10 -0.381849915    
           9          10 -0.400374442    
          10          10 -0.361564964    
          11          10 -0.360898882    
          12          10 -0.353141338    
          13          10 -0.336902350    
          14          10 -0.323470742    
          15          10 -0.308190227    
          16          10 -0.296651661    
          17          10 -0.294307411    
          18          10 -0.280225813    
          19          10 -0.284654438    
          20          10 -0.282069683    
          20          11 -0.285227537    
          19          11 -0.289834380    
          18          11 -0.296688914    
          17          11 -0.302912533    
          16          11 -0.312185824    
          15          11 -0.320348948    
          14          11 -0.327422231    
          13          11 -0.337221831    
          12          11 -0.347640127    
          11          11 -0.372979850    
          10          11 -0.423971921    
           9          11 -0.446518540    
           8          11 -0.422484487    
           7          11 -0.385504872    
           6          11 -0.370265156    
           5          11 -0.364747852    
           4          11 -0.353531152    
           3          11 -0.343744665    
           2          11 -0.332255870    
           1          11 -0.316912442    
           0          11 -0.315948039    
           0          12 -0.317794591    
           1          12 -0.323813766    
           2          12 -0.333053976    
           3          12 -0.336628765    
           4          12 -0.345615059    
           5          12 -0.355784804    
           6          12 -0.371373206    
           7          12 -0.396575242    
           8          12 -0.448356748    
           9          12 -0.429490119    
          10          12 -0.369152933    
          11          12 -0.348628074    
          12          12 -0.341994077    
          13          12 -0.327448756    
          14          12 -0.312683791    
          15          12 -0.300841272    
          16          12 -0.291880608    
          17          12 -0.288194954    
          18          12 -0.285361946    
          19          12 -0.274786592    
          20          12 -0.282442510    
          20          13 -0.284033656    
          19          13 -0.289179325    
          18          13 -0.292794645    
          17          13 -0.299902499    
          16          13 -0.306195557    
          15          13 -0.314763397    
          14          13 -0.320621938    
          13          13 -0.330164641    
          12          13 -0.341094345    
          11          13 -0.362374097    
          10          13 -0.390120953    
           9          13 -0.408290237    
           8          13 -0.403575808    
           7          13 -0.381942302    
           6          13 -0.365246743    
           5          13 -0.350297302    
           4          13 -0.338195473    
           3          13 -0.330270141    
           2          13 -0.311294436    
           1          13 -0.308104992    
           0          13 -0.303403378    
           0          14 -0.303384304    
           1          14 -0.311475635    
           2          14 -0.318067282    
           3          14 -0.321125299    
           4          14 -0.325876385    
           5          14 -0.330201298    
           6          14 -0.336719066    
           7          14 -0.345797747    
           8          14 -0.349340349    
           9          14 -0.341292530    
          10          14 -0.328863770    
          11          14 -0.316580445    
          12          14 -0.308854520    
          13          14 -0.299075484    
          14          14 -0.290824711    
          15          14 -0.276877820    
          16          14 -0.284702718    
          17          14 -0.281762719    
          18          14 -0.273879111    
          19          14 -0.279360056    
          20          14 -0.277116537    
          20          15 -0.278229952    
          19          15 -0.282263696    
          18          15 -0.283284426    
          17          15 -0.287479103    
          16          15 -0.291756034    
          15          15 -0.295911372    
          14          15 -0.299260259    
          13          15 -0.304111183    
          12          15 -0.309939325    
          11          15 -0.313573092    
          10          15 -0.315455407    
           9          15 -0.315171689    
           8          15 -0.315119237    
           7          15 -0.312329471    
           6          15 -0.308736503    
           5          15 -0.305263937    
           4          15 -0.300858259    
           3          15 -0.295037270    
           2          15 -0.288726926    
           1          15 -0.284408569    
           0          15 -0.279899776    
           0          16 -0.279917657    
           1          16 -0.281699538    
           2          16 -0.286509931    
           3          16 -0.288458109    
           4          16 -0.290246546    
           5          16 -0.291667521    
           6          16 -0.294270158    
           7          16 -0.293647885    
           8          16 -0.291230321    
           9          16 -0.287765801    
          10          16 -0.283862889    
          11          16 -0.278965771    
          12          16 -0.277899146    
          13          16 -0.271398664    
          14          16 -0.271690130    
          15          16 -0.271594465    
          16          16 -0.268743277    
          17          16 -0.270656586    
          18          16 -0.270751655    
          19          16 -0.269818246    
          20          16 -0.270672679    
          20          17 -0.270467043    
          19          17 -0.272478849    
          18          17 -0.274058372    
          17          17 -0.275286376    
          16          17 -0.276549548    
          15          17 -0.278053075    
          14          17 -0.279208511    
          13          17 -0.279201061    
          12          17 -0.281726360    
          11          17 -0.281894594    
          10          17 -0.280295253    
           9          17 -0.279966235    
           8          17 -0.278286576    
           7          17 -0.276086867    
           6          17 -0.274696589    
           5          17 -0.272840500    
           4          17 -0.270008981    
           3          17 -0.267892271    
           2          17 -0.266356111    
           1          17 -0.262087673    
           0          17 -0.259383857    
           0          18 -0.255836338    
           1          18 -0.259913296    
           2          18 -0.260485947    
           3          18 -0.263328940    
           4          18 -0.264783442    
           5          18 -0.266098619    
           6          18 -0.266801506    
           7          18 -0.265823245    
           8          18 -0.267276406    
           9          18 -0.267407387    
          10          18 -0.267944723    
          11          18 -0.266718507    
          12          18 -0.266139746    
          13          18 -0.208047584    
          14          18 -0.209847793    
          15          18 -0.268330663    
          16          18 -0.308127195    
          17          18 -0.316710383    
          18          18 -0.290755272    
          19          18 -0.271789521    
          20          18 -0.252045780    
          20          19 -0.263422370    
          19          19 -0.266489774    
          18          19 -0.265728176    
          17          19 -0.267138571    
          16          19 -0.268142313    
          15          19 -0.268827170    
          14          19 -0.268209219    
          13          19 -0.268401444    
          12          19 -0.268984675    
          11          19 -0.267439574    
          10          19 -0.267362386    
           9          19 -0.267228574    
           8          19 -0.266293973    
           7          19 -0.264202595    
           6          19 -0.263066828    
           5          19 -0.261215061    
           4          19 -0.262345612    
           3          19 -0.258401573    
           2          19 -0.256026477    
           1          19 -0.253611147    
           0          19 -0.251128614    
           0          20 -0.247176230    
           1          20 -0.248666644    
           2          20 -0.250598878    
           3          20 -0.250669360    
           4          20 -0.253356189    
           5          20 -0.255315244    
           6          20 -0.256314367    
           7          20 -0.257953197    
           8          20 -0.258871108    
           9          20 -0.259344518    
          10          20 -0.260125339    
          11          20 -0.260855645    
          12          20 -0.261586547    
          13          20 -0.262292415    
          14          20 -0.261578947    
          15          20 -0.261538714    
          16          20 -0.261981428    
          17          20 -0.262441725    
          18          20 -0.262398213    
          19          20 -0.262715310    
          20          20 -0.261947006    
