           1           0 -0.278700382    
           2           0 -0.283179671    
           3           0 -0.282771826    
           4           0 -0.284629107    
           5           0 -0.282987297    
           6           0 -0.285642087    
           7           0 -0.285335720    
           8           0 -0.283778548    
           9           0 -0.283058226    
          10           0 -0.278775930    
          11           0 -0.276475489    
          12           0 -0.273780763    
          13           0 -0.270175874    
          14           0 -0.270129383    
          15           0 -0.268775314    
          16           0 -0.266796291    
          17           0 -0.266395003    
          18           0 -0.265951991    
          19           0 -0.265217662    
          20           0 -0.263358593    
          20           1 -0.264993548    
          19           1 -0.261573434    
          18           1 -0.265965700    
          17           1 -0.265765280    
          16           1 -0.267036647    
          15           1 -0.267651170    
          14           1 -0.270219833    
          13           1 -0.271420866    
          12           1 -0.271539330    
          11           1 -0.272074580    
          10           1 -0.273174882    
           9           1 -0.273484081    
           8           1 -0.276047677    
           7           1 -0.276133955    
           6           1 -0.276821643    
           5           1 -0.280395538    
           4           1 -0.281545609    
           3           1 -0.283113360    
           2           1 -0.285140514    
           1           1 -0.287494153    
           0           1 -0.288299561    
           0           2 -0.291768551    
           1           2 -0.296361983    
           2           2 -0.290082037    
           3           2 -0.289325058    
           4           2 -0.287290156    
           5           2 -0.285118163    
           6           2 -0.282759309    
           7           2 -0.281270683    
           8           2 -0.280795038    
           9           2 -0.277838945    
          10           2 -0.276099384    
          11           2 -0.273570359    
          12           2 -0.271063983    
          13           2 -0.291711330    
          14           2 -0.265603602    
          15           2 -0.261367500    
          16           2 -0.261567771    
          17           2 -0.255177855    
          18           2 -0.263245642    
          19           2 -0.265056133    
          20           2 -0.261687428    
          20           3 -0.262721419    
          19           3 -0.260882318    
          18           3 -0.263406724    
          17           3 -0.263823509    
          16           3 -0.265264452    
          15           3 -0.266141981    
          14           3 -0.267564595    
          13           3 -0.268451512    
          12           3 -0.270259172    
          11           3 -0.269889772    
          10           3 -0.269698441    
           9           3 -0.270465851    
           8           3 -0.273795515    
           7           3 -0.273211241    
           6           3 -0.276757270    
           5           3 -0.278713048    
           4           3 -0.283059865    
           3           3 -0.285208166    
           2           3 -0.288618743    
           1           3 -0.290070564    
           0           3 -0.292882413    
           0           4 -0.297104359    
           1           4 -0.301771402    
           2           4 -0.292172670    
           3           4 -0.292205751    
           4           4 -0.290641427    
           5           4 -0.291453540    
           6           4 -0.289972067    
           7           4 -0.289067566    
           8           4 -0.286860108    
           9           4 -0.285450459    
          10           4 -0.282855868    
          11           4 -0.280315816    
          12           4 -0.276529431    
          13           4 -0.275059283    
          14           4 -0.272101998    
          15           4 -0.269521713    
          16           4 -0.267883182    
          17           4 -0.266041398    
          18           4 -0.265111268    
          19           4 -0.264432967    
          20           4 -0.263238788    
          20           5 -0.264949143    
          19           5 -0.263169646    
          18           5 -0.267010868    
          17           5 -0.266768426    
          16           5 -0.269976497    
          15           5 -0.272396296    
          14           5 -0.271803528    
          13           5 -0.274756342    
          12           5 -0.277265996    
          11           5 -0.277632862    
          10           5 -0.280578822    
           9           5 -0.281706542    
           8           5 -0.285010576    
           7           5 -0.291829050    
           6           5 -0.292997599    
           5           5 -0.299430132    
           4           5 -0.298788488    
           3           5 -0.306728423    
           2           5 -0.305118203    
           1           5 -0.309734881    
           0           5 -0.302262843    
           0           6 -0.310183704    
           1           6 -0.308151782    
           2           6 -0.305068731    
           3           6 -0.307712495    
           4           6 -0.309442222    
           5           6 -0.304842532    
           6           6 -0.304382086    
           7           6 -0.307205856    
           8           6 -0.307608187    
           9           6 -0.304073036    
          10           6 -0.302331090    
          11           6 -0.297020912    
          12           6 -0.293601096    
          13           6 -0.288539171    
          14           6 -0.283482015    
          15           6 -0.279232502    
          16           6 -0.275002062    
          17           6 -0.272177994    
          18           6 -0.269366145    
          19           6 -0.264291704    
          20           6 -0.265945137    
          20           7 -0.266975701    
          19           7 -0.268633604    
          18           7 -0.270095706    
          17           7 -0.273572445    
          16           7 -0.277099848    
          15           7 -0.281353831    
          14           7 -0.283940077    
          13           7 -0.287984848    
          12           7 -0.294744015    
          11           7 -0.294708848    
          10           7 -0.297909617    
           9           7 -0.300216019    
           8           7 -0.304542720    
           7           7 -0.307104528    
           6           7 -0.309792697    
           5           7 -0.312224269    
           4           7 -0.315156192    
           3           7 -0.315645844    
           2           7 -0.317260236    
           1           7 -0.311598122    
           0           7 -0.307856739    
           0           8 -0.308430433    
           1           8 -0.312098801    
           2           8 -0.313465506    
           3           8 -0.315029532    
           4           8 -0.318132252    
           5           8 -0.320450574    
           6           8 -0.323519617    
           7           8 -0.329381436    
           8           8 -0.326727837    
           9           8 -0.326053411    
          10           8 -0.322146028    
          11           8 -0.314837903    
          12           8 -0.306463778    
          13           8 -0.298920810    
          14           8 -0.295750141    
          15           8 -0.284313202    
          16           8 -0.281681061    
          17           8 -0.276823580    
          18           8 -0.273638010    
          19           8 -0.271328330    
          20           8 -0.269905269    
          20           9 -0.270815134    
          19           9 -0.271841228    
          18           9 -0.272719800    
          17           9 -0.278262138    
          16           9 -0.284719110    
          15           9 -0.290125549    
          14           9 -0.294547319    
          13           9 -0.299496889    
          12           9 -0.305772960    
          11           9 -0.314746410    
          10           9 -0.326412231    
           9           9 -0.343502671    
           8           9 -0.333576113    
           7           9 -0.331411570    
           6           9 -0.333992451    
           5           9 -0.337411672    
           4           9 -0.336947650    
           3           9 -0.333436340    
           2           9 -0.326650351    
           1           9 -0.319433719    
           0           9 -0.313519150    
           0          10 -0.312473714    
           1          10 -0.318609983    
           2          10 -0.322498292    
           3          10 -0.327089638    
           4          10 -0.332941324    
           5          10 -0.341106266    
           6          10 -0.353123754    
           7          10 -0.369709939    
           8          10 -0.393504411    
           9          10 -0.393274635    
          10          10 -0.366290420    
          11          10 -0.359944612    
          12          10 -0.348032326    
          13          10 -0.332914501    
          14          10 -0.316135198    
          15          10 -0.301233172    
          16          10 -0.291505992    
          17          10 -0.283825636    
          18          10 -0.278800964    
          19          10 -0.274915636    
          20          10 -0.270691752    
          20          11 -0.265025139    
          19          11 -0.276382208    
          18          11 -0.281180084    
          17          11 -0.288200617    
          16          11 -0.294421852    
          15          11 -0.302515268    
          14          11 -0.308382452    
          13          11 -0.315880388    
          12          11 -0.327807277    
          11          11 -0.352016896    
          10          11 -0.425521344    
           9          11 -0.447267175    
           8          11 -0.418313056    
           7          11 -0.374472350    
           6          11 -0.360051602    
           5          11 -0.357405454    
           4          11 -0.350488037    
           3          11 -0.341924340    
           2          11 -0.329536110    
           1          11 -0.319974333    
           0          11 -0.306400597    
           0          12 -0.311090887    
           1          12 -0.319386333    
           2          12 -0.324589819    
           3          12 -0.329860955    
           4          12 -0.336875528    
           5          12 -0.348188490    
           6          12 -0.368100613    
           7          12 -0.400133044    
           8          12 -0.440334558    
           9          12 -0.436458498    
          10          12 -0.360620826    
          11          12 -0.343703538    
          12          12 -0.338476211    
          13          12 -0.322685450    
          14          12 -0.306933165    
          15          12 -0.293430626    
          16          12 -0.285310984    
          17          12 -0.278848946    
          18          12 -0.276740730    
          19          12 -0.263891160    
          20          12 -0.272916198    
          20          13 -0.272251308    
          19          13 -0.276170909    
          18          13 -0.281765401    
          17          13 -0.284847260    
          16          13 -0.293903887    
          15          13 -0.299327314    
          14          13 -0.304793358    
          13          13 -0.311510503    
          12          13 -0.327398688    
          11          13 -0.345927089    
          10          13 -0.383698255    
           9          13 -0.408913404    
           8          13 -0.400409013    
           7          13 -0.374656826    
           6          13 -0.360512346    
           5          13 -0.351997823    
           4          13 -0.341344684    
           3          13 -0.332011491    
           2          13 -0.319195002    
           1          13 -0.319164008    
           0          13 -0.285220385    
           0          14 -0.291752160    
           1          14 -0.317382723    
           2          14 -0.306856573    
           3          14 -0.319105297    
           4          14 -0.319618195    
           5          14 -0.323420376    
           6          14 -0.329379052    
           7          14 -0.334591776    
           8          14 -0.342608005    
           9          14 -0.334312528    
          10          14 -0.317692071    
          11          14 -0.307770312    
          12          14 -0.296022236    
          13          14 -0.287574172    
          14          14 -0.281458735    
          15          14 -0.276832521    
          16          14 -0.274102330    
          17          14 -0.273020804    
          18          14 -0.271359921    
          19          14 -0.269782186    
          20          14 -0.268522143    
          20          15 -0.265081167    
          19          15 -0.272657216    
          18          15 -0.274894476    
          17          15 -0.277638376    
          16          15 -0.280563176    
          15          15 -0.284069717    
          14          15 -0.287383139    
          13          15 -0.288120151    
          12          15 -0.292374432    
          11          15 -0.297784448    
          10          15 -0.303142309    
           9          15 -0.303580701    
           8          15 -0.304428279    
           7          15 -0.304065287    
           6          15 -0.305373013    
           5          15 -0.304276288    
           4          15 -0.302299201    
           3          15 -0.298643351    
           2          15 -0.294485033    
           1          15 -0.290269196    
           0          15 -0.285831034    
           0          16 -0.284460425    
           1          16 -0.290610135    
           2          16 -0.290023029    
           3          16 -0.290196180    
           4          16 -0.290643811    
           5          16 -0.290361583    
           6          16 -0.290548742    
           7          16 -0.288848221    
           8          16 -0.287135184    
           9          16 -0.282612979    
          10          16 -0.275307834    
          11          16 -0.273548901    
          12          16 -0.269322634    
          13          16 -0.268926561    
          14          16 -0.266687810    
          15          16 -0.264960766    
          16          16 -0.264400482    
          17          16 -0.264216006    
          18          16 -0.264100671    
          19          16 -0.264589578    
          20          16 -0.261651963    
          20          17 -0.264028996    
          19          17 -0.264996678    
          18          17 -0.268391162    
          17          17 -0.267008334    
          16          17 -0.268369257    
          15          17 -0.272929460    
          14          17 -0.271812618    
          13          17 -0.271649152    
          12          17 -0.273161471    
          11          17 -0.274091601    
          10          17 -0.272829026    
           9          17 -0.272895038    
           8          17 -0.271583587    
           7          17 -0.270436794    
           6          17 -0.270865798    
           5          17 -0.268541217    
           4          17 -0.271151453    
           3          17 -0.269983351    
           2          17 -0.268644035    
           1          17 -0.267969757    
           0          17 -0.267532110    
           0          18 -0.266493648    
           1          18 -0.269164085    
           2          18 -0.270962656    
           3          18 -0.271274537    
           4          18 -0.269867569    
           5          18 -0.270257831    
           6          18 -0.269697845    
           7          18 -0.268599331    
           8          18 -0.267131120    
           9          18 -0.266077161    
          10          18 -0.263393313    
          11          18 -0.262395084    
          12          18 -0.261981130    
          13          18 -0.260533780    
          14          18 -0.256497353    
          15          18 -0.259907782    
          16          18 -0.259613782    
          17          18 -0.259323806    
          18          18 -0.259097010    
          19          18 -0.258697361    
          20          18 -0.259948462    
          20          19 -0.257469505    
          19          19 -0.260413826    
          18          19 -0.260804683    
          17          19 -0.261109114    
          16          19 -0.261354089    
          15          19 -0.262210459    
          14          19 -0.262163371    
          13          19 -0.263887435    
          12          19 -0.263141781    
          11          19 -0.262501627    
          10          19 -0.261539310    
           9          19 -0.261460334    
           8          19 -0.262670606    
           7          19 -0.259417087    
           6          19 -0.259513795    
           5          19 -0.235418320    
           4          19 -0.258781850    
           3          19 -0.265011281    
           2          19 -0.288846582    
           1          19 -0.248515248    
           0          19 -0.263333410    
           0          20 -0.260716021    
           1          20 -0.231561899    
           2          20 -0.378090203    
           3          20 -0.140572459    
           4          20 -0.279164255    
           5          20 -0.266732812    
           6          20 -0.307390928    
           7          20 -0.235236526    
           8          20 -0.319799989    
           9          20 -0.242908537    
          10          20 -0.243109852    
          11          20 -0.254251599    
          12          20 -0.248727888    
          13          20 -0.258252859    
          14          20 -0.255593449    
          15          20 -0.256018579    
          16          20 -0.256394386    
          17          20 -0.256367862    
          18          20 -0.256231517    
          19          20 -0.256143898    
          20          20 -0.256421208    
