0 0 -0.2754605
1 0 -0.2757845
2 0 -0.276524
3 0 -0.27714878
4 0 -0.27789682
5 0 -0.27840587
6 0 -0.2791295
7 0 -0.27975014
8 0 -0.28015298
9 0 -0.2804435
10 0 -0.28027675
11 0 -0.27989662
12 0 -0.27928504
13 0 -0.27837414
14 0 -0.27754965
15 0 -0.2766722
16 0 -0.27568462
17 0 -0.27475566
18 0 -0.2738753
19 0 -0.27300954
20 0 -0.27204445
20 1 -0.27133936
19 1 -0.27036276
18 1 -0.26992306
17 1 -0.2695073
16 1 -0.26926023
15 1 -0.26909932
14 1 -0.26921138
13 1 -0.26943234
12 1 -0.26964304
11 1 -0.2698862
10 1 -0.27021506
9 1 -0.27054197
8 1 -0.27109253
7 1 -0.27159667
6 1 -0.27211916
5 1 -0.2729468
4 1 -0.2738067
3 1 -0.27473736
2 1 -0.27577767
1 1 -0.27694932
0 1 -0.27808434
0 2 -0.27945277
1 2 -0.2811437
2 2 -0.28203753
3 2 -0.28276628
4 2 -0.28321868
5 2 -0.28340864
6 2 -0.2833437
7 2 -0.2831364
8 2 -0.28290227
9 2 -0.28239593
10 2 -0.28176627
11 2 -0.28094667
12 2 -0.2799584
13 2 -0.28113368
14 2 -0.27958068
15 2 -0.27775937
16 2 -0.2761402
17 2 -0.27404398
18 2 -0.27296415
19 2 -0.27217335
20 2 -0.27112475
20 3 -0.2702844
19 3 -0.2693442
18 3 -0.26875046
17 3 -0.26825777
16 3 -0.26795843
15 3 -0.2677768
14 3 -0.26775557
13 3 -0.26782516
12 3 -0.26806855
11 3 -0.26825067
10 3 -0.26839545
9 3 -0.2686025
8 3 -0.2691218
7 3 -0.26953074
6 3 -0.2702534
5 3 -0.27109936
4 3 -0.27229542
3 3 -0.2735867
2 3 -0.2750899
1 3 -0.27658796
0 3 -0.2782174
0 4 -0.2801061
1 4 -0.28227264
2 4 -0.28326264
3 4 -0.28415695
4 4 -0.2848054
5 4 -0.2854702
6 4 -0.28592038
7 4 -0.2862351
8 4 -0.2862976
9 4 -0.28621286
10 4 -0.28587717
11 4 -0.28532103
12 4 -0.28444186
13 4 -0.2835036
14 4 -0.28236344
15 4 -0.28107926
16 4 -0.27975965
17 4 -0.2783878
18 4 -0.27706015
19 4 -0.27579743
20 4 -0.27454156
20 5 -0.2735823
19 5 -0.27254105
18 5 -0.27198803
17 5 -0.27146608
16 5 -0.27131712
15 5 -0.27142504
14 5 -0.2714629
13 5 -0.27179223
12 5 -0.2723396
11 5 -0.27286893
10 5 -0.27363992
9 5 -0.27444658
8 5 -0.27550298
7 5 -0.27713558
6 5 -0.27872178
5 5 -0.28079262
4 5 -0.2825922
3 5 -0.28500584
2 5 -0.28701708
1 5 -0.28928885
0 5 -0.29058623
0 6 -0.29254597
1 6 -0.29410654
2 6 -0.29520276
3 6 -0.29645374
4 6 -0.2977526
5 6 -0.2984616
6 6 -0.29905364
7 6 -0.29986885
8 6 -0.3006428
9 6 -0.3009858
10 6 -0.30112034
11 6 -0.3007104
12 6 -0.29999948
13 6 -0.29885346
14 6 -0.2973163
15 6 -0.29550794
16 6 -0.29345736
17 6 -0.2913294
18 6 -0.28913307
19 6 -0.28664893
20 6 -0.28457856
20 7 -0.2828183
19 7 -0.28139982
18 7 -0.2802694
17 7 -0.27959973
16 7 -0.27934974
15 7 -0.27955016
14 7 -0.27998915
13 7 -0.28078872
12 7 -0.28218424
11 7 -0.28343672
10 7 -0.284884
9 7 -0.28641722
8 7 -0.28822976
7 7 -0.29011723
6 7 -0.29208478
5 7 -0.29409873
4 7 -0.29620448
3 7 -0.2981486
2 7 -0.30005977
1 7 -0.3012136
0 7 -0.30187792
0 8 -0.30253318
1 8 -0.30348974
2 8 -0.30448732
3 8 -0.30554155
4 8 -0.3068006
5 8 -0.3081656
6 8 -0.30970103
7 8 -0.31166908
8 8 -0.31317496
9 8 -0.3144628
10 8 -0.31523114
11 8 -0.31519184
12 8 -0.314319
13 8 -0.3127792
14 8 -0.31107628
15 8 -0.30839998
16 8 -0.30572808
17 8 -0.30283764
18 8 -0.29991767
19 8 -0.29705873
20 8 -0.29434338
20 9 -0.29199055
19 9 -0.2899756
18 9 -0.28825003
17 9 -0.28725123
16 9 -0.28699803
15 9 -0.28731078
14 9 -0.28803444
13 9 -0.2891807
12 9 -0.2908399
11 9 -0.29323056
10 9 -0.29654872
9 9 -0.3012441
8 9 -0.3044773
7 9 -0.30717072
6 9 -0.3098529
5 9 -0.31260878
4 9 -0.31504267
3 9 -0.31688204
2 9 -0.31785887
1 9 -0.31801635
0 9 -0.31756663
0 10 -0.31705734
1 10 -0.3172126
2 10 -0.3177412
3 10 -0.31867602
4 10 -0.32010254
5 10 -0.32220292
6 10 -0.325295
7 10 -0.3297365
8 10 -0.3361133
9 10 -0.34182945
10 10 -0.34427553
11 10 -0.34584245
12 10 -0.34606144
13 10 -0.34474674
14 10 -0.3418856
15 10 -0.33782035
16 10 -0.33318892
17 10 -0.32825258
18 10 -0.32330742
19 10 -0.31846824
20 10 -0.3136906
20 11 -0.30882406
19 11 -0.30557987
18 11 -0.3031399
17 11 -0.30164596
16 11 -0.30092356
15 11 -0.30108273
14 11 -0.3018127
13 11 -0.30321947
12 11 -0.30567825
11 11 -0.31031212
10 11 -0.32183304
9 11 -0.33437645
8 11 -0.34277013
7 11 -0.34594035
6 11 -0.3473515
5 11 -0.3483569
4 11 -0.34857002
3 11 -0.34790546
2 11 -0.34606853
1 11 -0.3434591
0 11 -0.33975324
0 12 -0.336887
1 12 -0.33513695
2 12 -0.33408225
3 12 -0.33366013
4 12 -0.33398166
5 12 -0.33540234
6 12 -0.33867216
7 12 -0.34481826
8 12 -0.3543699
9 12 -0.36257878
10 12 -0.36238298
11 12 -0.36051503
12 12 -0.35831115
13 12 -0.35474858
14 12 -0.34996703
15 12 -0.34431338
16 12 -0.33841315
17 12 -0.33245674
18 12 -0.32688513
19 12 -0.32058573
20 12 -0.3158188
20 13 -0.31146204
19 13 -0.30793294
18 13 -0.30531618
17 13 -0.3032693
16 13 -0.30233276
15 13 -0.3020322
14 13 -0.30230832
13 13 -0.30322853
12 13 -0.30564556
11 13 -0.3096737
10 13 -0.31707615
9 13 -0.32625988
8 13 -0.3336748
7 13 -0.337773
6 13 -0.34004694
5 13 -0.34124205
4 13 -0.3412523
3 13 -0.34032822
2 13 -0.3382149
1 13 -0.33630982
0 13 -0.33120087
0 14 -0.327256
1 14 -0.32626867
2 14 -0.32432747
3 14 -0.32380524
4 14 -0.32338655
5 14 -0.32338995
6 14 -0.32398885
7 14 -0.32504916
8 14 -0.32680506
9 14 -0.3275558
10 14 -0.32656944
11 14 -0.32468954
12 14 -0.3218228
13 14 -0.31839794
14 14 -0.31470403
15 14 -0.31091687
16 14 -0.30723542
17 14 -0.30381396
18 14 -0.30056855
19 14 -0.2974899
20 14 -0.29459313
20 15 -0.29164192
19 15 -0.28974345
18 15 -0.28825855
17 15 -0.28719655
16 15 -0.2865332
15 15 -0.28628686
14 15 -0.28639647
13 15 -0.28656885
12 15 -0.2871494
11 15 -0.2882129
10 15 -0.28970584
9 15 -0.29109332
8 15 -0.29242682
7 15 -0.29359066
6 15 -0.2947689
5 15 -0.29571962
4 15 -0.29637757
3 15 -0.29660416
2 15 -0.29639223
1 15 -0.2957799
0 15 -0.29478502
0 16 -0.29375255
1 16 -0.29343832
2 16 -0.29309678
3 16 -0.2928067
4 16 -0.2925904
5 16 -0.29236752
6 16 -0.29218563
7 16 -0.29185188
8 16 -0.2913802
9 16 -0.29050347
10 16 -0.2889839
11 16 -0.28744042
12 16 -0.28562865
13 16 -0.28395844
14 16 -0.28223136
15 16 -0.2805043
16 16 -0.27889392
17 16 -0.27742612
18 16 -0.27609357
19 16 -0.27494317
20 16 -0.27361405
20 17 -0.27265555
19 17 -0.27188966
18 17 -0.2715398
17 17 -0.27108666
16 17 -0.27081493
15 17 -0.27102637
14 17 -0.271105
13 17 -0.2711594
12 17 -0.27135962
11 17 -0.27163282
10 17 -0.27175245
9 17 -0.2718667
8 17 -0.2718384
7 17 -0.27169824
6 17 -0.271615
5 17 -0.27130762
4 17 -0.271292
3 17 -0.27116114
2 17 -0.27090943
1 17 -0.27061546
0 17 -0.27030712
0 18 -0.26992577
1 18 -0.2698496
2 18 -0.2699609
3 18 -0.27009228
4 18 -0.2700698
5 18 -0.2700886
6 18 -0.27004954
7 18 -0.26990452
8 18 -0.26962718
9 18 -0.26927218
10 18 -0.2686843
11 18 -0.26805538
12 18 -0.26744795
13 18 -0.26675653
14 18 -0.26573062
15 18 -0.26514834
16 18 -0.26459488
17 18 -0.26406777
18 18 -0.2635707
19 18 -0.26308337
20 18 -0.26276988
20 19 -0.26223984
19 19 -0.26205724
18 19 -0.261932
17 19 -0.2618497
16 19 -0.26180014
15 19 -0.26184118
14 19 -0.2618734
13 19 -0.2620748
12 19 -0.2621815
11 19 -0.2622135
10 19 -0.2621461
9 19 -0.2620775
8 19 -0.26213682
7 19 -0.26186484
6 19 -0.26162973
5 19 -0.2590086
4 19 -0.2589859
3 19 -0.25958845
2 19 -0.26251426
1 19 -0.26111436
0 19 -0.26133627
0 20 -0.26127425
1 20 -0.25830302
2 20 -0.27028173
3 20 -0.2573108
4 20 -0.25949615
5 20 -0.2602198
6 20 -0.26493692
7 20 -0.26196688
8 20 -0.2677502
9 20 -0.26526603
10 20 -0.2630504
11 20 -0.26217052
12 20 -0.26082626
13 20 -0.26056892
14 20 -0.26007137
15 20 -0.2596661
16 20 -0.25933892
17 20 -0.25904182
18 20 -0.25876078
19 20 -0.2584991
20 20 -0.2582913
