-49.3774	-183.72
-49.3296	-183.72
-49.2818	-183.72
-49.234	-183.72
-49.1862	-183.72
-49.1384	-183.72
-49.0906	-183.72
-49.0428	-183.72
-48.995	-183.72
-48.9472	-183.54
-48.8994	-183.54
-48.8516	-183.54
-48.8038	-183.54
-48.756	-183.54
-48.7082	-183.54
-48.6604	-183.54
-48.6126	-183.54
-48.5648	-183.54
-48.517	-183.54
-48.4692	-183.54
-48.4214	-183.54
-48.3736	-183.54
-48.3258	-183.54
-48.278	-183.54
-48.2302	-183.54
-48.1824	-183.54
-48.1346	-183.36
-48.0868	-183.36
-48.039	-183.36
-47.9912	-183.36
-47.9434	-183.36
-47.8956	-183.36
-47.8478	-183.36
-47.8	-183.36
-47.7522	-183.36
-47.7044	-183.36
-47.6566	-183.36
-47.6088	-183.36
-47.561	-183.36
-47.5132	-183.36
-47.4654	-183.36
-47.4176	-183.36
-47.3698	-183.36
-47.322	-183.36
-47.2742	-183.36
-47.2264	-183.36
-47.1786	-183.36
-47.1308	-183.36
-47.083	-183.36
-47.0352	-183.36
-46.9874	-183.36
-46.9396	-183.36
-46.8918	-183.36
-46.844	-183.36
-46.7962	-183.36
-46.7484	-183.36
-46.7006	-183.36
-46.6528	-183.36
-46.605	-183.36
-46.5572	-183.36
-46.5094	-183.36
-46.4616	-183.36
-46.4138	-183.36
-46.366	-183.36
-46.3182	-183.36
-46.2704	-183.36
-46.2226	-183.36
-46.1748	-183.36
-46.127	-183.36
-46.0792	-183.36
-46.0314	-183.36
-45.9836	-183.36
-45.9358	-183.36
-45.888	-183.36
-45.8402	-183.18
-45.7924	-183.18
-45.7446	-183.18
-45.6968	-183.18
-45.649	-183.18
-45.6012	-183.18
-45.5534	-183.18
-45.5056	-183.18
-45.4578	-183.18
-45.41	-183.18
-45.3622	-183.18
-45.3144	-183.18
-45.2666	-183.18
-45.2188	-183.18
-45.171	-183.18
-45.1232	-183.18
-45.0754	-183.18
-45.0276	-183.18
-44.9798	-183.18
-44.932	-183.18
-44.8842	-183.18
-44.8364	-183.18
-44.7886	-183.18
-44.7408	-183.18
-44.693	-183
-44.6452	-183
-44.5974	-183
-44.5496	-183
-44.5018	-183
-44.454	-183
-44.4062	-183
-44.3584	-183
-44.3106	-183
-44.2628	-183
-44.215	-183
-44.1672	-183
-44.1194	-183
-44.0716	-183
-44.0238	-183
-43.976	-183
-43.9282	-183
-43.8804	-183
-43.8326	-183
-43.7848	-183
-43.737	-183
-43.6892	-183
-43.6414	-183
-43.5936	-183
-43.5458	-183
-43.498	-183
-43.4502	-183
-43.4024	-183
-43.3546	-183
-43.3068	-183
-43.259	-183
-43.2112	-183
-43.1634	-183
-43.1156	-183
-43.0678	-183
-43.02	-183
-42.9722	-183
-42.9244	-183
-42.8766	-183
-42.8288	-183
-42.781	-183
-42.7332	-183
-42.6854	-183
-42.6376	-183
-42.5898	-183
-42.542	-183
-42.4942	-183
-42.4464	-183
-42.3986	-183
-42.3508	-183
-42.303	-183
-42.2552	-183
-42.2074	-183
-42.1596	-183
-42.1118	-183
-42.064	-183
-42.0162	-183
-41.9684	-183
-41.9206	-183
-41.8728	-183
-41.825	-183
-41.7772	-183
-41.7294	-183
-41.6816	-183
-41.6338	-183
-41.586	-183
-41.5382	-183
-41.4904	-183.18
-41.4426	-183.18
-41.3948	-183.18
-41.347	-183.18
-41.2992	-183.18
-41.2514	-183.18
-41.2036	-183.18
-41.1558	-183.18
-41.108	-183.18
-41.0602	-183.18
-41.0124	-183.18
-40.9646	-183.18
-40.9168	-183.18
-40.869	-183.18
-40.8212	-183.18
-40.7734	-183.18
-40.7256	-183.18
-40.6778	-183.18
-40.63	-183.18
-40.5822	-183
-40.5344	-183
-40.4866	-183
-40.4388	-183
-40.391	-183
-40.3432	-183
-40.2954	-183
-40.2476	-183
-40.1998	-183
-40.152	-183
-40.1042	-183
-40.0564	-183
-40.0086	-183
-39.9608	-183
-39.913	-183
-39.8652	-183
-39.8174	-183
-39.7696	-183
-39.7218	-183
-39.674	-183
-39.6262	-183
-39.5784	-183
-39.5306	-183
-39.4828	-183
-39.435	-183
-39.3872	-183
-39.3394	-183
-39.2916	-183
-39.2438	-183
-39.196	-183
-39.1482	-183
-39.1004	-183
-39.0526	-183
-39.0048	-183
-38.957	-183
-38.9092	-183
-38.8614	-183
-38.8136	-183
-38.7658	-183
-38.718	-183
-38.6702	-183
-38.6224	-183
-38.5746	-183
-38.5268	-183
-38.479	-183
-38.4312	-183
-38.3834	-183
-38.3356	-183
-38.2878	-183
-38.24	-183
-38.1922	-183
-38.1444	-183
-38.0966	-183
-38.0488	-183
-38.001	-183
-37.9532	-183
-37.9054	-183
-37.8576	-183
-37.8098	-183
-37.762	-183
-37.7142	-183
-37.6664	-183
-37.6186	-183
-37.5708	-183
-37.523	-183
-37.4752	-183
-37.4274	-183
-37.3796	-183
-37.3318	-183
-37.284	-183
-37.2362	-183
-37.1884	-183
-37.1406	-183
-37.0928	-183
-37.045	-183
-36.9972	-183
-36.9494	-183
-36.9016	-183
-36.8538	-183
-36.806	-183
-36.7582	-183
-36.7104	-183
-36.6626	-183
-36.6148	-183
-36.567	-183
-36.5192	-183
-36.4714	-183
-36.4236	-183
-36.3758	-183
-36.328	-183
-36.2802	-183
-36.2324	-183
-36.1846	-183
-36.1368	-183
-36.089	-183
-36.0412	-183
-35.9934	-183
-35.9456	-183
-35.8978	-183
-35.85	-183
-35.8022	-183
-35.7544	-183
-35.7066	-183
-35.6588	-183
-35.611	-183
-35.5632	-183
-35.5154	-183
-35.4676	-183
-35.4198	-183
-35.372	-183
-35.3242	-183
-35.2764	-183
-35.2286	-183
-35.1808	-183
-35.133	-183
-35.0852	-183
-35.0374	-183
-34.9896	-183
-34.9418	-183
-34.894	-183
-34.8462	-183
-34.7984	-183
-34.7506	-183
-34.7028	-183
-34.655	-183
-34.6072	-183
-34.5594	-183
-34.5116	-183
-34.4638	-183
-34.416	-183
-34.3682	-183
-34.3204	-183
-34.2726	-183
-34.2248	-183
-34.177	-183
-34.1292	-183
-34.0814	-183
-34.0336	-183
-33.9858	-183
-33.938	-183
-33.8902	-183
-33.8424	-183
-33.7946	-183
-33.7468	-183
-33.699	-183
-33.6512	-183
-33.6034	-183
-33.5556	-183
-33.5078	-183
-33.46	-183
-33.4122	-183
-33.3644	-183
-33.3166	-183
-33.2688	-183
-33.221	-183
-33.1732	-183
-33.1254	-183
-33.0776	-183
-33.0298	-183
-32.982	-183
-32.9342	-183
-32.8864	-183
-32.8386	-183
-32.7908	-183
-32.743	-183
-32.6952	-183
-32.6474	-183
-32.5996	-183
-32.5518	-183
-32.504	-183
-32.4562	-183
-32.4084	-183
-32.3606	-183
-32.3128	-183
-32.265	-183
-32.2172	-183
-32.1694	-183
-32.1216	-183
-32.0738	-183
-32.026	-183
-31.9782	-183
-31.9304	-183
-31.8826	-183
-31.8348	-183
-31.787	-183
-31.7392	-183
-31.6914	-183
-31.6436	-183
-31.5958	-183
-31.548	-182.82
-31.5002	-182.82
-31.4524	-182.82
-31.4046	-182.82
-31.3568	-182.82
-31.309	-182.82
-31.2612	-182.82
-31.2134	-182.82
-31.1656	-182.82
-31.1178	-182.82
-31.07	-182.82
-31.0222	-182.82
-30.9744	-182.82
-30.9266	-182.82
-30.8788	-182.82
-30.831	-182.82
-30.7832	-182.82
-30.7354	-182.82
-30.6876	-182.82
-30.6398	-182.82
-30.592	-182.82
-30.5442	-182.82
-30.4964	-182.82
-30.4486	-182.82
-30.4008	-182.82
-30.353	-182.82
-30.3052	-182.82
-30.2574	-182.82
-30.2096	-182.82
-30.1618	-182.82
-30.114	-182.82
-30.0662	-182.82
-30.0184	-182.82
-29.9706	-182.82
-29.9228	-182.82
-29.875	-182.82
-29.8272	-182.82
-29.7794	-182.82
-29.7316	-182.82
-29.6838	-182.82
-29.636	-182.82
-29.5882	-182.82
-29.5404	-182.82
-29.4926	-182.82
-29.4448	-182.82
-29.397	-182.82
-29.3492	-182.82
-29.3014	-183
-29.2536	-183
-29.2058	-183
-29.158	-183
-29.1102	-183
-29.0624	-183
-29.0146	-183
-28.9668	-183
-28.919	-183
-28.8712	-183
-28.8234	-183
-28.7756	-183
-28.7278	-183
-28.68	-183
-28.6322	-183
-28.5844	-183
-28.5366	-183
-28.4888	-183
-28.441	-183
-28.3932	-183
-28.3454	-183
-28.2976	-183
-28.2498	-183
-28.202	-183
-28.1542	-183
-28.1064	-183
-28.0586	-183
-28.0108	-183
-27.963	-183
-27.9152	-183
-27.8674	-183
-27.8196	-183
-27.7718	-183
-27.724	-183
-27.6762	-183
-27.6284	-183
-27.5806	-183
-27.5328	-183
-27.485	-183
-27.4372	-183
-27.3894	-183
-27.3416	-183
-27.2938	-183
-27.246	-183
-27.1982	-183
-27.1504	-183
-27.1026	-183
-27.0548	-183
-27.007	-183
-26.9592	-183
-26.9114	-183
-26.8636	-183
-26.8158	-183
-26.768	-183
-26.7202	-183
-26.6724	-183
-26.6246	-183
-26.5768	-183
-26.529	-183
-26.4812	-183
-26.4334	-183
-26.3856	-183
-26.3378	-183
-26.29	-183
-26.2422	-183
-26.1944	-183
-26.1466	-183
-26.0988	-183
-26.051	-183
-26.0032	-183
-25.9554	-183
-25.9076	-183
-25.8598	-183
-25.812	-183
-25.7642	-183
-25.7164	-183
-25.6686	-183
-25.6208	-182.82
-25.573	-182.82
-25.5252	-182.82
-25.4774	-182.82
-25.4296	-182.82
-25.3818	-182.82
-25.334	-182.82
-25.2862	-182.82
-25.2384	-182.82
-25.1906	-182.82
-25.1428	-182.82
-25.095	-182.82
-25.0472	-182.82
-24.9994	-182.82
-24.9516	-182.82
-24.9038	-182.82
-24.856	-182.82
-24.8082	-182.82
-24.7604	-182.82
-24.7126	-182.82
-24.6648	-182.82
-24.617	-182.82
-24.5692	-182.82
-24.5214	-182.82
-24.4736	-182.82
-24.4258	-182.82
-24.378	-182.82
-24.3302	-182.82
-24.2824	-182.82
-24.2346	-182.82
-24.1868	-182.82
-24.139	-182.82
-24.0912	-182.82
-24.0434	-182.82
-23.9956	-182.82
-23.9478	-182.82
-23.9	-182.82
-23.8522	-182.82
-23.8044	-182.82
-23.7566	-182.82
-23.7088	-182.82
-23.661	-182.82
-23.6132	-182.82
-23.5654	-182.82
-23.5176	-182.82
-23.4698	-182.82
-23.422	-182.82
-23.3742	-182.82
-23.3264	-182.82
-23.2786	-182.82
-23.2308	-182.82
-23.183	-182.82
-23.1352	-182.82
-23.0874	-182.82
-23.0396	-183
-22.9918	-183
-22.944	-183
-22.8962	-183
-22.8484	-183
-22.8006	-183
-22.7528	-183
-22.705	-183
-22.6572	-183
-22.6094	-182.82
-22.5616	-182.82
-22.5138	-182.82
-22.466	-182.82
-22.4182	-182.82
-22.3704	-182.82
-22.3226	-182.82
-22.2748	-182.82
-22.227	-182.82
-22.1792	-182.82
-22.1314	-182.82
-22.0836	-182.82
-22.0358	-182.82
-21.988	-182.82
-21.9402	-182.82
-21.8924	-182.82
-21.8446	-182.82
-21.7968	-182.82
-21.749	-182.82
-21.7012	-182.82
-21.6534	-182.82
-21.6056	-182.82
-21.5578	-182.82
-21.51	-182.82
-21.4622	-182.82
-21.4144	-182.82
-21.3666	-182.82
-21.3188	-182.82
-21.271	-182.82
-21.2232	-182.82
-21.1754	-182.82
-21.1276	-182.82
-21.0798	-182.82
-21.032	-182.82
-20.9842	-182.82
-20.9364	-182.82
-20.8886	-182.82
-20.8408	-182.82
-20.793	-182.82
-20.7452	-182.82
-20.6974	-182.82
-20.6496	-182.82
-20.6018	-182.82
-20.554	-182.82
-20.5062	-182.82
-20.4584	-182.82
-20.4106	-182.82
-20.3628	-182.82
-20.315	-182.82
-20.2672	-182.82
-20.2194	-182.82
-20.1716	-182.82
-20.1238	-182.82
-20.076	-182.82
-20.0282	-182.82
-19.9804	-182.82
-19.9326	-182.82
-19.8848	-182.82
-19.837	-182.82
-19.7892	-182.82
-19.7414	-182.82
-19.6936	-182.82
-19.6458	-182.82
-19.598	-182.82
-19.5502	-182.82
-19.5024	-182.82
-19.4546	-182.82
-19.4068	-182.82
-19.359	-182.82
-19.3112	-182.82
-19.2634	-182.82
-19.2156	-182.82
-19.1678	-182.82
-19.12	-182.82
-19.0722	-182.82
-19.0244	-182.82
-18.9766	-182.82
-18.9288	-182.82
-18.881	-182.82
-18.8332	-182.82
-18.7854	-182.82
-18.7376	-182.82
-18.6898	-182.82
-18.642	-182.82
-18.5942	-182.82
-18.5464	-182.82
-18.4986	-182.82
-18.4508	-182.82
-18.403	-182.82
-18.3552	-182.82
-18.3074	-182.82
-18.2596	-182.82
-18.2118	-182.82
-18.164	-182.82
-18.1162	-182.82
-18.0684	-182.82
-18.0206	-182.82
-17.9728	-182.82
-17.925	-182.82
-17.8772	-182.82
-17.8294	-182.82
-17.7816	-182.82
-17.7338	-182.82
-17.686	-182.82
-17.6382	-182.82
-17.5904	-182.82
-17.5426	-182.82
-17.4948	-182.82
-17.447	-182.82
-17.3992	-182.82
-17.3514	-182.82
-17.3036	-182.82
-17.2558	-182.82
-17.208	-182.82
-17.1602	-182.82
-17.1124	-182.82
-17.0646	-182.82
-17.0168	-182.82
-16.969	-182.64
-16.9212	-182.64
-16.8734	-182.64
-16.8256	-182.64
-16.7778	-182.64
-16.73	-182.64
-16.6822	-182.64
-16.6344	-182.64
-16.5866	-182.64
-16.5388	-182.64
-16.491	-182.64
-16.4432	-182.64
-16.3954	-182.64
-16.3476	-182.64
-16.2998	-182.64
-16.252	-182.64
-16.2042	-182.46
-16.1564	-182.46
-16.1086	-182.46
-16.0608	-182.46
-16.013	-182.46
-15.9652	-182.46
-15.9174	-182.46
-15.8696	-182.46
-15.8218	-182.46
-15.774	-182.46
-15.7262	-182.46
-15.6784	-182.46
-15.6306	-182.46
-15.5828	-182.46
-15.535	-182.46
-15.4872	-182.46
-15.4394	-182.46
-15.3916	-182.46
-15.3438	-182.64
-15.296	-182.64
-15.2482	-182.64
-15.2004	-182.64
-15.1526	-182.64
-15.1048	-182.64
-15.057	-182.64
-15.0092	-182.64
-14.9614	-182.64
-14.9136	-182.64
-14.8658	-182.64
-14.818	-182.64
-14.7702	-182.64
-14.7224	-182.64
-14.6746	-182.64
-14.6268	-182.64
-14.579	-182.46
-14.5312	-182.46
-14.4834	-182.46
-14.4356	-182.46
-14.3878	-182.46
-14.34	-182.46
-14.2922	-182.46
-14.2444	-182.46
-14.1966	-182.46
-14.1488	-182.46
-14.101	-182.46
-14.0532	-182.46
-14.0054	-182.46
-13.9576	-182.46
-13.9098	-182.46
-13.862	-182.46
-13.8142	-182.46
-13.7664	-182.46
-13.7186	-182.46
-13.6708	-182.46
-13.623	-182.46
-13.5752	-182.46
-13.5274	-182.46
-13.4796	-182.46
-13.4318	-182.46
-13.384	-182.46
-13.3362	-182.46
-13.2884	-182.46
-13.2406	-182.46
-13.1928	-182.46
-13.145	-182.46
-13.0972	-182.46
-13.0494	-182.46
-13.0016	-182.46
-12.9538	-182.46
-12.906	-182.46
-12.8582	-182.46
-12.8104	-182.46
-12.7626	-182.46
-12.7148	-182.46
-12.667	-182.46
-12.6192	-182.46
-12.5714	-182.46
-12.5236	-182.46
-12.4758	-182.46
-12.428	-182.46
-12.3802	-182.46
-12.3324	-182.46
-12.2846	-182.46
-12.2368	-182.46
-12.189	-182.46
-12.1412	-182.46
-12.0934	-182.46
-12.0456	-182.46
-11.9978	-182.46
-11.95	-182.46
-11.9022	-182.46
-11.8544	-182.46
-11.8066	-182.46
-11.7588	-182.46
-11.711	-182.46
-11.6632	-182.46
-11.6154	-182.46
-11.5676	-182.46
-11.5198	-182.46
-11.472	-182.46
-11.4242	-182.46
-11.3764	-182.46
-11.3286	-182.46
-11.2808	-182.46
-11.233	-182.46
-11.1852	-182.46
-11.1374	-182.46
-11.0896	-182.46
-11.0418	-182.46
-10.994	-182.46
-10.9462	-182.46
-10.8984	-182.46
-10.8506	-182.46
-10.8028	-182.46
-10.755	-182.46
-10.7072	-182.46
-10.6594	-182.46
-10.6116	-182.46
-10.5638	-182.28
-10.516	-182.28
-10.4682	-182.28
-10.4204	-182.28
-10.3726	-182.28
-10.3248	-182.28
-10.277	-182.28
-10.2292	-182.28
-10.1814	-182.28
-10.1336	-182.28
-10.0858	-182.28
-10.038	-182.28
-9.9902	-182.28
-9.9424	-182.28
-9.8946	-182.28
-9.8468	-182.28
-9.799	-182.28
-9.7512	-182.28
-9.7034	-182.28
-9.6556	-182.28
-9.6078	-182.28
-9.56	-182.28
-9.5122	-182.28
-9.4644	-182.28
-9.4166	-182.28
-9.3688	-182.28
-9.321	-182.28
-9.2732	-182.28
-9.2254	-182.28
-9.1776	-182.28
-9.1298	-182.28
-9.082	-182.28
-9.0342	-182.28
-8.9864	-182.28
-8.9386	-182.28
-8.8908	-182.28
-8.843	-182.28
-8.7952	-182.28
-8.7474	-182.28
-8.6996	-182.28
-8.6518	-182.28
-8.604	-182.28
-8.5562	-182.28
-8.5084	-182.28
-8.4606	-182.28
-8.4128	-182.28
-8.365	-182.28
-8.3172	-182.28
-8.2694	-182.28
-8.2216	-182.28
-8.1738	-182.28
-8.126	-182.28
-8.0782	-182.28
-8.0304	-182.28
-7.9826	-182.28
-7.9348	-182.28
-7.887	-182.28
-7.8392	-182.28
-7.7914	-182.28
-7.7436	-182.28
-7.6958	-182.28
-7.648	-182.28
-7.6002	-182.28
-7.5524	-182.28
-7.5046	-182.28
-7.4568	-182.28
-7.409	-182.28
-7.3612	-182.28
-7.3134	-182.28
-7.2656	-182.28
-7.2178	-182.28
-7.17	-182.28
-7.1222	-182.28
-7.0744	-182.28
-7.0266	-182.28
-6.9788	-182.28
-6.931	-182.28
-6.8832	-182.28
-6.8354	-182.28
-6.7876	-182.28
-6.7398	-182.28
-6.692	-182.28
-6.6442	-182.28
-6.5964	-182.28
-6.5486	-182.28
-6.5008	-182.28
-6.453	-182.28
-6.4052	-182.28
-6.3574	-182.28
-6.3096	-182.28
-6.2618	-182.28
-6.214	-182.28
-6.1662	-182.28
-6.1184	-182.28
-6.0706	-182.28
-6.0228	-182.28
-5.975	-182.28
-5.9272	-182.28
-5.8794	-182.28
-5.8316	-182.28
-5.7838	-182.28
-5.736	-182.28
-5.6882	-182.28
-5.6404	-182.28
-5.5926	-182.28
-5.5448	-182.1
-5.497	-182.1
-5.4492	-182.1
-5.4014	-182.1
-5.3536	-182.1
-5.3058	-182.1
-5.258	-182.1
-5.2102	-182.1
-5.1624	-182.1
-5.1146	-182.1
-5.0668	-182.1
-5.019	-181.92
-4.9712	-181.92
-4.9234	-181.92
-4.8756	-181.92
-4.8278	-181.92
-4.78	-181.92
-4.7322	-181.92
-4.6844	-181.92
-4.6366	-181.92
-4.5888	-181.92
-4.541	-181.92
-4.4932	-181.92
-4.4454	-181.92
-4.3976	-181.92
-4.3498	-181.74
-4.302	-181.74
-4.2542	-181.74
-4.2064	-181.74
-4.1586	-181.74
-4.1108	-181.74
-4.063	-181.74
-4.0152	-181.74
-3.9674	-181.74
-3.9196	-181.74
-3.8718	-181.74
-3.824	-181.74
-3.7762	-181.56
-3.7284	-181.56
-3.6806	-181.56
-3.6328	-181.56
-3.585	-181.56
-3.5372	-181.38
-3.4894	-181.38
-3.4416	-181.38
-3.3938	-181.38
-3.346	-181.2
-3.2982	-181.2
-3.2504	-181.2
-3.2026	-181.2
-3.1548	-181.02
-3.107	-181.02
-3.0592	-181.02
-3.0114	-181.02
-2.9636	-181.02
-2.9158	-180.84
-2.868	-180.84
-2.8202	-180.84
-2.7724	-180.84
-2.7246	-180.84
-2.6768	-180.84
-2.629	-180.84
-2.5812	-180.84
-2.5334	-180.84
-2.4856	-180.84
-2.4378	-180.84
-2.39	-180.84
-2.3422	-180.84
-2.2944	-180.84
-2.2466	-180.84
-2.1988	-181.02
-2.151	-181.02
-2.1032	-181.02
-2.0554	-181.02
-2.0076	-181.02
-1.9598	-181.02
-1.912	-181.02
-1.8642	-181.02
-1.8164	-180.84
-1.7686	-180.84
-1.7208	-180.84
-1.673	-180.66
-1.6252	-180.48
-1.5774	-180.3
-1.5296	-180.12
-1.4818	-179.94
-1.434	-179.76
-1.3862	-179.4
-1.3384	-179.22
-1.2906	-178.86
-1.2428	-178.5
-1.195	-178.14
-1.1472	-177.78
-1.0994	-177.42
-1.0516	-177.06
-1.0038	-176.7
-0.956	-176.34
-0.9082	-175.98
-0.8604	-175.62
-0.8126	-175.26
-0.7648	-175.08
-0.717	-174.72
-0.6692	-174.36
-0.6214	-174.18
-0.5736	-174
-0.5258	-173.64
-0.478	-173.64
-0.4302	-173.46
-0.3824	-173.46
-0.3346	-173.64
-0.2868	-174
-0.239	-174.54
-0.1912	-175.08
-0.1434	-176.16
-0.0956	-177.24
-0.0478	-178.68
0	-180.3
0.0478	-182.1
0.0956	-184.26
0.1434	-186.42
0.1912	-188.94
0.239	-191.64
0.2868	-194.34
0.3346	-197.04
0.3824	-199.92
0.4302	-202.62
0.478	-205.32
0.5258	-208.02
0.5736	-210.54
0.6214	-212.88
0.6692	-215.22
0.717	-217.38
0.7648	-219.18
0.8126	-220.98
0.8604	-222.6
0.9082	-224.04
0.956	-225.48
1.0038	-226.56
1.0516	-227.64
1.0994	-228.72
1.1472	-229.44
1.195	-230.34
1.2428	-231.06
1.2906	-231.6
1.3384	-232.14
1.3862	-232.68
1.434	-233.04
1.4818	-233.58
1.5296	-233.94
1.5774	-234.3
1.6252	-234.66
1.673	-234.84
1.7208	-235.2
1.7686	-235.56
1.8164	-235.92
1.8642	-236.1
1.912	-236.46
1.9598	-236.82
2.0076	-237.18
2.0554	-237.54
2.1032	-237.72
2.151	-238.08
2.1988	-238.44
2.2466	-238.8
2.2944	-239.16
2.3422	-239.52
2.39	-239.88
2.4378	-240.24
2.4856	-240.6
2.5334	-240.96
2.5812	-241.32
2.629	-241.68
2.6768	-242.04
2.7246	-242.4
2.7724	-242.76
2.8202	-243.12
2.868	-243.3
2.9158	-243.66
2.9636	-244.02
3.0114	-244.38
3.0592	-244.74
3.107	-245.1
3.1548	-245.28
3.2026	-245.64
3.2504	-246
3.2982	-246.18
3.346	-246.54
3.3938	-246.9
3.4416	-247.08
3.4894	-247.44
3.5372	-247.62
3.585	-247.98
3.6328	-248.16
3.6806	-248.52
3.7284	-248.7
3.7762	-249.06
3.824	-249.24
3.8718	-249.42
3.9196	-249.78
3.9674	-249.96
4.0152	-250.14
4.063	-250.5
4.1108	-250.68
4.1586	-250.86
4.2064	-251.04
4.2542	-251.4
4.302	-251.58
4.3498	-251.76
4.3976	-251.94
4.4454	-252.12
4.4932	-252.48
4.541	-252.66
4.5888	-252.84
4.6366	-253.02
4.6844	-253.2
4.7322	-253.38
4.78	-253.56
4.8278	-253.74
4.8756	-253.92
4.9234	-254.1
4.9712	-254.28
5.019	-254.46
5.0668	-254.64
5.1146	-254.82
5.1624	-255
5.2102	-255.18
5.258	-255.36
5.3058	-255.54
5.3536	-255.72
5.4014	-255.9
5.4492	-256.08
5.497	-256.26
5.5448	-256.44
5.5926	-256.62
5.6404	-256.8
5.6882	-256.8
5.736	-256.98
5.7838	-257.16
5.8316	-257.34
5.8794	-257.52
5.9272	-257.7
5.975	-257.7
6.0228	-257.88
6.0706	-258.06
6.1184	-258.24
6.1662	-258.24
6.214	-258.42
6.2618	-258.6
6.3096	-258.78
6.3574	-258.78
6.4052	-258.96
6.453	-259.14
6.5008	-259.32
6.5486	-259.32
6.5964	-259.5
6.6442	-259.68
6.692	-259.68
6.7398	-259.86
6.7876	-260.04
6.8354	-260.04
6.8832	-260.22
6.931	-260.4
6.9788	-260.4
7.0266	-260.58
7.0744	-260.58
7.1222	-260.76
7.17	-260.94
7.2178	-260.94
7.2656	-261.12
7.3134	-261.12
7.3612	-261.3
7.409	-261.3
7.4568	-261.48
7.5046	-261.48
7.5524	-261.66
7.6002	-261.84
7.648	-261.84
7.6958	-262.02
7.7436	-262.02
7.7914	-262.2
7.8392	-262.2
7.887	-262.38
7.9348	-262.38
7.9826	-262.56
8.0304	-262.56
8.0782	-262.74
8.126	-262.74
8.1738	-262.92
8.2216	-262.92
8.2694	-263.1
8.3172	-263.1
8.365	-263.28
8.4128	-263.28
8.4606	-263.46
8.5084	-263.46
8.5562	-263.64
8.604	-263.64
8.6518	-263.82
8.6996	-263.82
8.7474	-264
8.7952	-264
8.843	-264.18
8.8908	-264.18
8.9386	-264.36
8.9864	-264.36
9.0342	-264.54
9.082	-264.54
9.1298	-264.54
9.1776	-264.72
9.2254	-264.72
9.2732	-264.9
9.321	-264.9
9.3688	-264.9
9.4166	-265.08
9.4644	-265.08
9.5122	-265.26
9.56	-265.26
9.6078	-265.44
9.6556	-265.44
9.7034	-265.44
9.7512	-265.62
9.799	-265.62
9.8468	-265.8
9.8946	-265.8
9.9424	-265.8
9.9902	-265.98
10.038	-265.98
10.0858	-266.16
10.1336	-266.16
10.1814	-266.16
10.2292	-266.34
10.277	-266.34
10.3248	-266.34
10.3726	-266.52
10.4204	-266.52
10.4682	-266.7
10.516	-266.7
10.5638	-266.7
10.6116	-266.88
10.6594	-266.88
10.7072	-266.88
10.755	-267.06
10.8028	-267.06
10.8506	-267.24
10.8984	-267.24
10.9462	-267.24
10.994	-267.42
11.0418	-267.42
11.0896	-267.42
11.1374	-267.6
11.1852	-267.6
11.233	-267.6
11.2808	-267.6
11.3286	-267.78
11.3764	-267.78
11.4242	-267.96
11.472	-267.96
11.5198	-267.96
11.5676	-268.14
11.6154	-268.14
11.6632	-268.14
11.711	-268.14
11.7588	-268.32
11.8066	-268.32
11.8544	-268.32
11.9022	-268.5
11.95	-268.5
11.9978	-268.5
12.0456	-268.5
12.0934	-268.68
12.1412	-268.68
12.189	-268.68
12.2368	-268.86
12.2846	-268.86
12.3324	-268.86
12.3802	-269.04
12.428	-269.04
12.4758	-269.04
12.5236	-269.04
12.5714	-269.22
12.6192	-269.22
12.667	-269.22
12.7148	-269.4
12.7626	-269.4
12.8104	-269.4
12.8582	-269.4
12.906	-269.58
12.9538	-269.58
13.0016	-269.58
13.0494	-269.58
13.0972	-269.76
13.145	-269.76
13.1928	-269.76
13.2406	-269.94
13.2884	-269.94
13.3362	-269.94
13.384	-269.94
13.4318	-269.94
13.4796	-270.12
13.5274	-270.12
13.5752	-270.12
13.623	-270.3
13.6708	-270.3
13.7186	-270.3
13.7664	-270.3
13.8142	-270.3
13.862	-270.48
13.9098	-270.48
13.9576	-270.48
14.0054	-270.66
14.0532	-270.66
14.101	-270.66
14.1488	-270.66
14.1966	-270.84
14.2444	-270.84
14.2922	-270.84
14.34	-270.84
14.3878	-270.84
14.4356	-271.02
14.4834	-271.02
14.5312	-271.02
14.579	-271.02
14.6268	-271.2
14.6746	-271.2
14.7224	-271.2
14.7702	-271.2
14.818	-271.2
14.8658	-271.2
14.9136	-271.38
14.9614	-271.38
15.0092	-271.38
15.057	-271.38
15.1048	-271.38
15.1526	-271.56
15.2004	-271.56
15.2482	-271.56
15.296	-271.56
15.3438	-271.56
15.3916	-271.74
15.4394	-271.74
15.4872	-271.74
15.535	-271.74
15.5828	-271.74
15.6306	-271.74
15.6784	-271.74
15.7262	-271.92
15.774	-271.92
15.8218	-271.92
15.8696	-271.92
15.9174	-271.92
15.9652	-271.92
16.013	-272.1
16.0608	-272.1
16.1086	-272.1
16.1564	-272.1
16.2042	-272.1
16.252	-272.1
16.2998	-272.28
16.3476	-272.28
16.3954	-272.28
16.4432	-272.28
16.491	-272.28
16.5388	-272.28
16.5866	-272.46
16.6344	-272.46
16.6822	-272.46
16.73	-272.46
16.7778	-272.46
16.8256	-272.64
16.8734	-272.64
16.9212	-272.64
16.969	-272.64
17.0168	-272.64
17.0646	-272.64
17.1124	-272.64
17.1602	-272.82
17.208	-272.82
17.2558	-272.82
17.3036	-272.82
17.3514	-272.82
17.3992	-272.82
17.447	-272.82
17.4948	-273
17.5426	-273
17.5904	-273
17.6382	-273
17.686	-273
17.7338	-273
17.7816	-273
17.8294	-273
17.8772	-273.18
17.925	-273.18
17.9728	-273.18
18.0206	-273.18
18.0684	-273.18
18.1162	-273.18
18.164	-273.36
18.2118	-273.36
18.2596	-273.36
18.3074	-273.36
18.3552	-273.36
18.403	-273.36
18.4508	-273.36
18.4986	-273.54
18.5464	-273.54
18.5942	-273.54
18.642	-273.54
18.6898	-273.54
18.7376	-273.54
18.7854	-273.54
18.8332	-273.72
18.881	-273.72
18.9288	-273.72
18.9766	-273.72
19.0244	-273.72
19.0722	-273.72
19.12	-273.72
19.1678	-273.72
19.2156	-273.9
19.2634	-273.9
19.3112	-273.9
19.359	-273.9
19.4068	-273.9
19.4546	-273.9
19.5024	-273.9
19.5502	-273.9
19.598	-273.9
19.6458	-274.08
19.6936	-274.08
19.7414	-274.08
19.7892	-274.08
19.837	-274.08
19.8848	-274.08
19.9326	-274.08
19.9804	-274.08
20.0282	-274.26
20.076	-274.26
20.1238	-274.26
20.1716	-274.26
20.2194	-274.26
20.2672	-274.26
20.315	-274.26
20.3628	-274.26
20.4106	-274.26
20.4584	-274.44
20.5062	-274.44
20.554	-274.44
20.6018	-274.44
20.6496	-274.44
20.6974	-274.44
20.7452	-274.44
20.793	-274.44
20.8408	-274.44
20.8886	-274.44
20.9364	-274.62
20.9842	-274.62
21.032	-274.62
21.0798	-274.62
21.1276	-274.62
21.1754	-274.62
21.2232	-274.62
21.271	-274.62
21.3188	-274.62
21.3666	-274.8
21.4144	-274.8
21.4622	-274.8
21.51	-274.8
21.5578	-274.8
21.6056	-274.8
21.6534	-274.8
21.7012	-274.8
21.749	-274.8
21.7968	-274.8
21.8446	-274.8
21.8924	-274.98
21.9402	-274.98
21.988	-274.98
22.0358	-274.98
22.0836	-274.98
22.1314	-274.98
22.1792	-274.98
22.227	-274.98
22.2748	-274.98
22.3226	-274.98
22.3704	-274.98
22.4182	-275.16
22.466	-275.16
22.5138	-275.16
22.5616	-275.16
22.6094	-275.16
22.6572	-275.16
22.705	-275.16
22.7528	-275.16
22.8006	-275.16
22.8484	-275.34
22.8962	-275.34
22.944	-275.34
22.9918	-275.34
23.0396	-275.34
23.0874	-275.34
23.1352	-275.34
23.183	-275.34
23.2308	-275.34
23.2786	-275.34
23.3264	-275.34
23.3742	-275.34
23.422	-275.52
23.4698	-275.52
23.5176	-275.52
23.5654	-275.52
23.6132	-275.52
23.661	-275.52
23.7088	-275.52
23.7566	-275.52
23.8044	-275.52
23.8522	-275.52
23.9	-275.52
23.9478	-275.7
23.9956	-275.7
24.0434	-275.7
24.0912	-275.7
24.139	-275.7
24.1868	-275.7
24.2346	-275.7
24.2824	-275.7
24.3302	-275.7
24.378	-275.7
24.4258	-275.7
24.4736	-275.7
24.5214	-275.7
24.5692	-275.88
24.617	-275.88
24.6648	-275.88
24.7126	-275.88
24.7604	-275.88
24.8082	-275.88
24.856	-275.88
24.9038	-275.88
24.9516	-275.88
24.9994	-275.88
25.0472	-275.88
25.095	-276.06
25.1428	-276.06
25.1906	-276.06
25.2384	-276.06
25.2862	-276.06
25.334	-276.06
25.3818	-276.06
25.4296	-276.06
25.4774	-276.06
25.5252	-276.06
25.573	-276.06
25.6208	-276.06
25.6686	-276.24
25.7164	-276.24
25.7642	-276.24
25.812	-276.24
25.8598	-276.24
25.9076	-276.24
25.9554	-276.24
26.0032	-276.24
26.051	-276.24
26.0988	-276.24
26.1466	-276.24
26.1944	-276.24
26.2422	-276.24
26.29	-276.24
26.3378	-276.24
26.3856	-276.24
26.4334	-276.42
26.4812	-276.42
26.529	-276.42
26.5768	-276.42
26.6246	-276.42
26.6724	-276.42
26.7202	-276.42
26.768	-276.42
26.8158	-276.42
26.8636	-276.42
26.9114	-276.42
26.9592	-276.42
27.007	-276.42
27.0548	-276.42
27.1026	-276.42
27.1504	-276.6
27.1982	-276.6
27.246	-276.6
27.2938	-276.6
27.3416	-276.6
27.3894	-276.6
27.4372	-276.6
27.485	-276.6
27.5328	-276.6
27.5806	-276.6
27.6284	-276.6
27.6762	-276.6
27.724	-276.6
27.7718	-276.6
27.8196	-276.6
27.8674	-276.6
27.9152	-276.6
27.963	-276.6
28.0108	-276.6
28.0586	-276.6
28.1064	-276.78
28.1542	-276.78
28.202	-276.78
28.2498	-276.78
28.2976	-276.78
28.3454	-276.78
28.3932	-276.78
28.441	-276.78
28.4888	-276.78
28.5366	-276.78
28.5844	-276.78
28.6322	-276.78
28.68	-276.78
28.7278	-276.78
28.7756	-276.78
28.8234	-276.78
28.8712	-276.78
28.919	-276.96
28.9668	-276.96
29.0146	-276.96
29.0624	-276.96
29.1102	-276.96
29.158	-276.96
29.2058	-276.96
29.2536	-276.96
29.3014	-276.96
29.3492	-276.96
29.397	-276.96
29.4448	-276.96
29.4926	-276.96
29.5404	-276.96
29.5882	-276.96
29.636	-276.96
29.6838	-276.96
29.7316	-276.96
29.7794	-277.14
29.8272	-277.14
29.875	-277.14
29.9228	-277.14
29.9706	-277.14
30.0184	-277.14
30.0662	-277.14
30.114	-277.14
30.1618	-277.14
30.2096	-277.14
30.2574	-277.14
30.3052	-277.14
30.353	-277.14
30.4008	-277.14
30.4486	-277.14
30.4964	-277.14
30.5442	-277.14
30.592	-277.14
30.6398	-277.14
30.6876	-277.14
30.7354	-277.14
30.7832	-277.14
30.831	-277.32
30.8788	-277.32
30.9266	-277.32
30.9744	-277.32
31.0222	-277.32
31.07	-277.32
31.1178	-277.32
31.1656	-277.32
31.2134	-277.32
31.2612	-277.32
31.309	-277.32
31.3568	-277.32
31.4046	-277.32
31.4524	-277.32
31.5002	-277.32
31.548	-277.32
31.5958	-277.32
31.6436	-277.32
31.6914	-277.32
31.7392	-277.5
31.787	-277.5
31.8348	-277.5
31.8826	-277.5
31.9304	-277.5
31.9782	-277.5
32.026	-277.5
32.0738	-277.5
32.1216	-277.5
32.1694	-277.5
32.2172	-277.5
32.265	-277.5
32.3128	-277.5
32.3606	-277.5
32.4084	-277.5
32.4562	-277.5
32.504	-277.5
32.5518	-277.5
32.5996	-277.68
32.6474	-277.68
32.6952	-277.68
32.743	-277.68
32.7908	-277.68
32.8386	-277.68
32.8864	-277.68
32.9342	-277.68
32.982	-277.68
33.0298	-277.68
33.0776	-277.68
33.1254	-277.68
33.1732	-277.68
33.221	-277.68
33.2688	-277.68
33.3166	-277.86
33.3644	-277.86
33.4122	-277.86
33.46	-277.86
33.5078	-277.86
33.5556	-277.86
33.6034	-277.86
33.6512	-277.86
33.699	-277.86
33.7468	-277.86
33.7946	-277.86
33.8424	-277.86
33.8902	-277.86
33.938	-277.86
33.9858	-277.86
34.0336	-277.86
34.0814	-277.86
34.1292	-277.86
34.177	-277.86
34.2248	-277.86
34.2726	-277.86
34.3204	-277.86
34.3682	-277.86
34.416	-277.86
34.4638	-278.04
34.5116	-278.04
34.5594	-278.04
34.6072	-278.04
34.655	-278.04
34.7028	-278.04
34.7506	-278.04
34.7984	-278.04
34.8462	-278.04
34.894	-278.04
34.9418	-278.04
34.9896	-278.04
35.0374	-278.04
35.0852	-278.04
35.133	-278.04
35.1808	-278.04
35.2286	-278.04
35.2764	-278.04
35.3242	-278.04
35.372	-278.04
35.4198	-278.04
35.4676	-278.04
35.5154	-278.04
35.5632	-278.04
35.611	-278.04
35.6588	-278.22
35.7066	-278.22
35.7544	-278.22
35.8022	-278.22
35.85	-278.22
35.8978	-278.22
35.9456	-278.22
35.9934	-278.22
36.0412	-278.22
36.089	-278.22
36.1368	-278.22
36.1846	-278.22
36.2324	-278.22
36.2802	-278.22
36.328	-278.22
36.3758	-278.22
36.4236	-278.22
36.4714	-278.22
36.5192	-278.22
36.567	-278.22
36.6148	-278.4
36.6626	-278.4
36.7104	-278.4
36.7582	-278.4
36.806	-278.4
36.8538	-278.4
36.9016	-278.4
36.9494	-278.4
36.9972	-278.4
37.045	-278.4
37.0928	-278.4
37.1406	-278.4
37.1884	-278.4
37.2362	-278.4
37.284	-278.4
37.3318	-278.4
37.3796	-278.4
37.4274	-278.4
37.4752	-278.4
37.523	-278.4
37.5708	-278.4
37.6186	-278.4
37.6664	-278.4
37.7142	-278.4
37.762	-278.4
37.8098	-278.4
37.8576	-278.4
37.9054	-278.4
37.9532	-278.4
38.001	-278.4
38.0488	-278.4
38.0966	-278.4
38.1444	-278.58
38.1922	-278.58
38.24	-278.58
38.2878	-278.58
38.3356	-278.58
38.3834	-278.58
38.4312	-278.58
38.479	-278.58
38.5268	-278.58
38.5746	-278.58
38.6224	-278.58
38.6702	-278.58
38.718	-278.58
38.7658	-278.58
38.8136	-278.58
38.8614	-278.58
38.9092	-278.58
38.957	-278.58
39.0048	-278.58
39.0526	-278.58
39.1004	-278.58
39.1482	-278.58
39.196	-278.58
39.2438	-278.58
39.2916	-278.58
39.3394	-278.58
39.3872	-278.58
39.435	-278.58
39.4828	-278.58
39.5306	-278.76
39.5784	-278.76
39.6262	-278.76
39.674	-278.76
39.7218	-278.76
39.7696	-278.76
39.8174	-278.76
39.8652	-278.76
39.913	-278.76
39.9608	-278.76
40.0086	-278.76
40.0564	-278.76
40.1042	-278.76
40.152	-278.76
40.1998	-278.76
40.2476	-278.76
40.2954	-278.76
40.3432	-278.76
40.391	-278.76
40.4388	-278.76
40.4866	-278.76
40.5344	-278.76
40.5822	-278.76
40.63	-278.76
40.6778	-278.76
40.7256	-278.76
40.7734	-278.76
40.8212	-278.76
40.869	-278.76
40.9168	-278.76
40.9646	-278.76
41.0124	-278.76
41.0602	-278.76
41.108	-278.76
41.1558	-278.76
41.2036	-278.76
41.2514	-278.76
41.2992	-278.76
41.347	-278.76
41.3948	-278.76
41.4426	-278.76
41.4904	-278.76
41.5382	-278.94
41.586	-278.94
41.6338	-278.94
41.6816	-278.94
41.7294	-278.94
41.7772	-278.94
41.825	-278.94
41.8728	-278.94
41.9206	-278.94
41.9684	-278.94
42.0162	-278.94
42.064	-278.94
42.1118	-278.94
42.1596	-278.94
42.2074	-278.94
42.2552	-278.94
42.303	-278.94
42.3508	-278.94
42.3986	-278.94
42.4464	-278.94
42.4942	-278.94
42.542	-278.94
42.5898	-278.94
42.6376	-279.12
42.6854	-279.12
42.7332	-279.12
42.781	-279.12
42.8288	-279.12
42.8766	-279.12
42.9244	-279.12
42.9722	-279.12
43.02	-279.12
43.0678	-279.12
43.1156	-279.12
43.1634	-279.12
43.2112	-279.12
43.259	-279.12
43.3068	-279.12
43.3546	-279.12
43.4024	-279.12
43.4502	-279.12
43.498	-279.12
43.5458	-279.12
43.5936	-279.12
43.6414	-279.12
43.6892	-279.12
43.737	-279.12
43.7848	-279.12
43.8326	-279.12
43.8804	-279.12
43.9282	-279.3
43.976	-279.3
44.0238	-279.3
44.0716	-279.3
44.1194	-279.3
44.1672	-279.3
44.215	-279.3
44.2628	-279.3
44.3106	-279.3
44.3584	-279.3
44.4062	-279.3
44.454	-279.3
44.5018	-279.3
44.5496	-279.3
44.5974	-279.3
44.6452	-279.3
44.693	-279.3
44.7408	-279.3
44.7886	-279.3
44.8364	-279.3
44.8842	-279.3
44.932	-279.3
44.9798	-279.3
45.0276	-279.3
45.0754	-279.3
45.1232	-279.3
45.171	-279.3
45.2188	-279.3
45.2666	-279.3
45.3144	-279.3
45.3622	-279.3
45.41	-279.3
45.4578	-279.3
45.5056	-279.3
45.5534	-279.3
45.6012	-279.3
45.649	-279.3
45.6968	-279.3
45.7446	-279.3
45.7924	-279.48
45.8402	-279.48
45.888	-279.48
45.9358	-279.48
45.9836	-279.48
46.0314	-279.48
46.0792	-279.48
46.127	-279.48
46.1748	-279.48
46.2226	-279.48
46.2704	-279.48
46.3182	-279.48
46.366	-279.48
46.4138	-279.48
46.4616	-279.48
46.5094	-279.48
46.5572	-279.48
46.605	-279.48
46.6528	-279.48
46.7006	-279.48
46.7484	-279.48
46.7962	-279.48
46.844	-279.48
46.8918	-279.48
46.9396	-279.48
46.9874	-279.48
47.0352	-279.48
47.083	-279.48
47.1308	-279.66
47.1786	-279.66
47.2264	-279.66
47.2742	-279.66
47.322	-279.66
47.3698	-279.66
47.4176	-279.66
47.4654	-279.66
47.5132	-279.66
47.561	-279.66
47.6088	-279.66
47.6566	-279.66
47.7044	-279.66
47.7522	-279.66
47.8	-279.66
47.8478	-279.66
47.8956	-279.66
47.9434	-279.66
47.9912	-279.66
48.039	-279.66
48.0868	-279.66
48.1346	-279.66
48.1824	-279.66
48.2302	-279.66
48.278	-279.66
48.3258	-279.66
48.3736	-279.66
48.4214	-279.66
48.4692	-279.66
48.517	-279.66
48.5648	-279.66
48.6126	-279.66
48.6604	-279.66
48.7082	-279.66
48.756	-279.66
48.8038	-279.66
48.8516	-279.66
48.8994	-279.66
48.9472	-279.66
48.995	-279.66
49.0428	-279.66
49.0906	-279.66
49.1384	-279.66
49.1862	-279.66
49.234	-279.66
49.2818	-279.66
49.3296	-279.66
49.3774	-279.66
49.4252	-279.66
49.473	-279.66
49.5208	-279.66
49.5686	-279.66
49.6164	-279.66
49.6642	-279.66
49.712	-279.66
49.7598	-279.66
49.8076	-279.66
49.8554	-279.66
49.9032	-279.66
49.951	-279.66
49.9988	-279.66
50.0466	-279.66
50.0944	-279.66
50.1422	-279.66
50.19	-279.66
50.2378	-279.66
50.2856	-279.66
50.3334	-279.66
50.3812	-279.66
50.429	-279.66
50.4768	-279.66
50.5246	-279.66
50.5724	-279.66
50.6202	-279.66
50.668	-279.66
50.7158	-279.66
50.7636	-279.66
50.8114	-279.66
50.8592	-279.66
50.907	-279.66
50.9548	-279.66
51.0026	-279.66
51.0504	-279.66
51.0982	-279.66
51.146	-279.66
51.1938	-279.66
51.2416	-279.66
51.2894	-279.66
51.3372	-279.84
51.385	-279.84
51.4328	-279.84
51.4806	-279.84
51.5284	-279.84
51.5762	-279.84
51.624	-279.84
51.6718	-279.84
51.7196	-279.84
51.7674	-279.84
51.8152	-279.84
51.863	-279.84
51.9108	-279.84
51.9586	-279.84
52.0064	-279.84
52.0542	-279.84
52.102	-280.02
52.1498	-280.02
52.1976	-280.02
52.2454	-280.02
52.2932	-280.02
52.341	-280.02
52.3888	-280.02
52.4366	-280.02
52.4844	-280.2
52.5322	-280.2
52.58	-280.2
52.6278	-280.2
52.6756	-280.2
52.7234	-280.2
52.7712	-280.2
52.819	-280.38
52.8668	-280.38
52.9146	-280.38
52.9624	-280.38
53.0102	-280.38
53.058	-280.38
53.1058	-280.38
53.1536	-280.38
53.2014	-280.38
53.2492	-280.38
53.297	-280.38
53.3448	-280.38
53.3926	-280.38
53.4404	-280.38
53.4882	-280.38
53.536	-280.38
53.5838	-280.38
53.6316	-280.38
53.6794	-280.38
53.7272	-280.38
53.775	-280.38
53.8228	-280.2
53.8706	-280.2
53.9184	-280.2
53.9662	-280.2
54.014	-280.38
54.0618	-280.38
54.1096	-280.38
54.1574	-280.38
54.2052	-280.38
54.253	-280.38
54.3008	-280.38
54.3486	-280.38
54.3964	-280.38
54.4442	-280.38
54.492	-280.38
54.5398	-280.38
54.5876	-280.38
54.6354	-280.38
54.6832	-280.38
54.731	-280.38
54.7788	-280.38
54.8266	-280.38
54.8744	-280.38
54.9222	-280.38
54.97	-280.38
55.0178	-280.38
55.0656	-280.38
55.1134	-280.38
55.1612	-280.2
55.209	-280.2
55.2568	-280.2
55.3046	-280.2
55.3524	-280.2
55.4002	-280.2
55.448	-280.2
55.4958	-280.2
55.5436	-280.2
55.5914	-280.2
55.6392	-280.2
55.687	-280.2
55.7348	-280.2
55.7826	-280.2
55.8304	-280.2
55.8782	-280.2
55.926	-280.2
55.9738	-280.2
56.0216	-280.2
56.0694	-280.2
56.1172	-280.2
56.165	-280.2
56.2128	-280.2
56.2606	-280.2
56.3084	-280.2
56.3562	-280.2
56.404	-280.2
56.4518	-280.2
56.4996	-280.2
56.5474	-280.2
56.5952	-280.2
56.643	-280.2
56.6908	-280.2
56.7386	-280.2
56.7864	-280.2
56.8342	-280.2
56.882	-280.2
56.9298	-280.2
56.9776	-280.2
57.0254	-280.2
57.0732	-280.2
57.121	-280.2
57.1688	-280.2
57.2166	-280.2
57.2644	-280.2
57.3122	-280.2
57.36	-280.2
57.4078	-280.2
57.4556	-280.2
57.5034	-280.2
57.5512	-280.2
57.599	-280.2
57.6468	-280.2
57.6946	-280.2
57.7424	-280.2
57.7902	-280.2
57.838	-280.2
57.8858	-280.2
57.9336	-280.2
57.9814	-280.2
58.0292	-280.2
58.077	-280.2
58.1248	-280.2
58.1726	-280.2
58.2204	-280.2
58.2682	-280.2
58.316	-280.2
58.3638	-280.2
58.4116	-280.2
58.4594	-280.2
58.5072	-280.2
58.555	-280.2
58.6028	-280.2
58.6506	-280.2
58.6984	-280.2
58.7462	-280.2
58.794	-280.2
58.8418	-280.2
58.8896	-280.2
58.9374	-280.2
58.9852	-280.2
59.033	-280.2
59.0808	-280.2
59.1286	-280.2
59.1764	-280.2
59.2242	-280.2
59.272	-280.2
59.3198	-280.2
59.3676	-280.2
59.4154	-280.2
59.4632	-280.2
59.511	-280.2
59.5588	-280.2
59.6066	-280.2
59.6544	-280.2
59.7022	-280.2
59.75	-280.2
59.7978	-280.2
59.8456	-280.2
59.8934	-280.2
59.9412	-280.2
59.989	-280.2
60.0368	-280.2
60.0846	-280.2
60.1324	-280.2
60.1802	-280.2
60.228	-280.2
60.2758	-280.2
60.3236	-280.2
60.3714	-280.2
60.4192	-280.2
60.467	-280.2
60.5148	-280.2
60.5626	-280.2
60.6104	-280.2
60.6582	-280.2
60.706	-280.2
60.7538	-280.2
60.8016	-280.2
60.8494	-280.2
60.8972	-280.2
60.945	-280.2
60.9928	-280.2
61.0406	-280.2
61.0884	-280.2
61.1362	-280.2
61.184	-280.2
61.2318	-280.2
61.2796	-280.2
61.3274	-280.38
61.3752	-280.38
61.423	-280.38
61.4708	-280.38
61.5186	-280.38
61.5664	-280.38
61.6142	-280.38
61.662	-280.38
61.7098	-280.38
61.7576	-280.38
61.8054	-280.38
61.8532	-280.38
61.901	-280.38
61.9488	-280.38
61.9966	-280.38
62.0444	-280.38
62.0922	-280.38
62.14	-280.38
62.1878	-280.38
62.2356	-280.38
62.2834	-280.38
62.3312	-280.38
62.379	-280.38
62.4268	-280.38
62.4746	-280.38
62.5224	-280.38
62.5702	-280.38
62.618	-280.38
62.6658	-280.38
62.7136	-280.38
62.7614	-280.38
62.8092	-280.38
62.857	-280.38
62.9048	-280.38
62.9526	-280.38
63.0004	-280.38
63.0482	-280.38
63.096	-280.38
63.1438	-280.38
63.1916	-280.38
63.2394	-280.38
63.2872	-280.38
63.335	-280.38
63.3828	-280.38
63.4306	-280.38
63.4784	-280.38
63.5262	-280.38
63.574	-280.38
63.6218	-280.38
63.6696	-280.38
63.7174	-280.38
63.7652	-280.38
63.813	-280.38
63.8608	-280.38
63.9086	-280.38
63.9564	-280.38
64.0042	-280.38
64.052	-280.38
64.0998	-280.38
64.1476	-280.38
64.1954	-280.38
64.2432	-280.38
64.291	-280.38
64.3388	-280.38
64.3866	-280.38
64.4344	-280.38
64.4822	-280.38
64.53	-280.38
64.5778	-280.38
64.6256	-280.38
64.6734	-280.38
64.7212	-280.38
64.769	-280.38
64.8168	-280.38
64.8646	-280.38
64.9124	-280.38
64.9602	-280.38
65.008	-280.38
65.0558	-280.38
65.1036	-280.38
65.1514	-280.38
65.1992	-280.38
65.247	-280.38
65.2948	-280.38
65.3426	-280.38
65.3904	-280.38
65.4382	-280.38
65.486	-280.38
65.5338	-280.38
65.5816	-280.38
65.6294	-280.38
65.6772	-280.38
65.725	-280.38
65.7728	-280.38
65.8206	-280.38
65.8684	-280.38
65.9162	-280.38
65.964	-280.38
66.0118	-280.38
66.0596	-280.38
66.1074	-280.56
66.1552	-280.56
66.203	-280.56
66.2508	-280.56
66.2986	-280.56
66.3464	-280.56
66.3942	-280.56
66.442	-280.56
66.4898	-280.56
66.5376	-280.56
66.5854	-280.56
66.6332	-280.56
66.681	-280.56
66.7288	-280.56
66.7766	-280.56
66.8244	-280.56
66.8722	-280.56
66.92	-280.56
66.9678	-280.56
67.0156	-280.56
67.0634	-280.56
67.1112	-280.56
67.159	-280.56
67.2068	-280.56
67.2546	-280.56
67.3024	-280.56
67.3502	-280.56
67.398	-280.56
67.4458	-280.56
67.4936	-280.56
67.5414	-280.56
67.5892	-280.56
67.637	-280.56
67.6848	-280.56
67.7326	-280.56
67.7804	-280.38
67.8282	-280.38
67.876	-280.38
67.9238	-280.38
67.9716	-280.38
68.0194	-280.38
68.0672	-280.38
68.115	-280.38
68.1628	-280.38
68.2106	-280.38
68.2584	-280.38
68.3062	-280.38
68.354	-280.38
68.4018	-280.38
68.4496	-280.38
68.4974	-280.38
68.5452	-280.38
68.593	-280.38
68.6408	-280.38
68.6886	-280.38
68.7364	-280.38
68.7842	-280.38
68.832	-280.38
68.8798	-280.38
68.9276	-280.38
68.9754	-280.38
69.0232	-280.38
69.071	-280.38
69.1188	-280.38
69.1666	-280.38
69.2144	-280.38
69.2622	-280.38
69.31	-280.38
69.3578	-280.38
69.4056	-280.38
69.4534	-280.38
69.5012	-280.38
69.549	-280.38
69.5968	-280.38
69.6446	-280.38
69.6924	-280.38
69.7402	-280.38
69.788	-280.38
69.8358	-280.38
69.8836	-280.38
69.9314	-280.38
69.9792	-280.38
70.027	-280.38
70.0748	-280.38
70.1226	-280.38
70.1704	-280.38
70.2182	-280.38
70.266	-280.38
70.3138	-280.38
70.3616	-280.38
70.4094	-280.38
70.4572	-280.38
70.505	-280.38
70.5528	-280.38
70.6006	-280.38
70.6484	-280.38
70.6962	-280.38
70.744	-280.38
70.7918	-280.38
70.8396	-280.38
70.8874	-280.38
70.9352	-280.38
70.983	-280.38
71.0308	-280.38
71.0786	-280.38
71.1264	-280.38
71.1742	-280.38
71.222	-280.38
71.2698	-280.38
71.3176	-280.38
71.3654	-280.38
71.4132	-280.38
71.461	-280.38
71.5088	-280.38
71.5566	-280.38
71.6044	-280.38
71.6522	-280.38
71.7	-280.38
71.7478	-280.38
71.7956	-280.38
71.8434	-280.38
71.8912	-280.38
71.939	-280.38
71.9868	-280.38
72.0346	-280.38
72.0824	-280.38
72.1302	-280.38
72.178	-280.38
72.2258	-280.38
72.2736	-280.38
72.3214	-280.38
72.3692	-280.38
72.417	-280.38
72.4648	-280.38
72.5126	-280.38
72.5604	-280.38
72.6082	-280.38
72.656	-280.38
72.7038	-280.38
72.7516	-280.38
72.7994	-280.38
72.8472	-280.38
72.895	-280.38
72.9428	-280.38
72.9906	-280.38
73.0384	-280.38
73.0862	-280.38
73.134	-280.38
73.1818	-280.38
73.2296	-280.38
73.2774	-280.38
73.3252	-280.38
73.373	-280.38
73.4208	-280.38
73.4686	-280.38
73.5164	-280.38
73.5642	-280.38
73.612	-280.38
73.6598	-280.38
73.7076	-280.38
73.7554	-280.38
73.8032	-280.38
73.851	-280.38
73.8988	-280.38
73.9466	-280.38
73.9944	-280.38
74.0422	-280.38
74.09	-280.38
74.1378	-280.38
74.1856	-280.38
74.2334	-280.38
74.2812	-280.38
74.329	-280.38
74.3768	-280.38
74.4246	-280.38
74.4724	-280.38
74.5202	-280.38
74.568	-280.38
74.6158	-280.38
74.6636	-280.38
74.7114	-280.38
74.7592	-280.38
74.807	-280.38
74.8548	-280.38
74.9026	-280.38
74.9504	-280.38
74.9982	-280.38
75.046	-280.38
75.0938	-280.38
75.1416	-280.38
75.1894	-280.38
75.2372	-280.38
75.285	-280.38
75.3328	-280.38
75.3806	-280.38
75.4284	-280.38
75.4762	-280.38
75.524	-280.38
75.5718	-280.38
75.6196	-280.38
75.6674	-280.38
75.7152	-280.38
75.763	-280.38
75.8108	-280.38
75.8586	-280.38
75.9064	-280.38
75.9542	-280.38
76.002	-280.38
76.0498	-280.38
76.0976	-280.38
76.1454	-280.38
76.1932	-280.38
76.241	-280.38
76.2888	-280.38
76.3366	-280.38
76.3844	-280.38
76.4322	-280.38
76.48	-280.38
76.5278	-280.38
76.5756	-280.38
76.6234	-280.38
76.6712	-280.38
76.719	-280.38
76.7668	-280.38
76.8146	-280.38
76.8624	-280.38
76.9102	-280.38
76.958	-280.38
77.0058	-280.38
77.0536	-280.38
77.1014	-280.38
77.1492	-280.38
77.197	-280.38
77.2448	-280.38
77.2926	-280.38
77.3404	-280.38
77.3882	-280.38
77.436	-280.38
77.4838	-280.38
77.5316	-280.38
77.5794	-280.38
77.6272	-280.38
77.675	-280.38
77.7228	-280.38
77.7706	-280.38
77.8184	-280.38
77.8662	-280.38
77.914	-280.38
77.9618	-280.38
78.0096	-280.38
78.0574	-280.38
78.1052	-280.38
78.153	-280.38
78.2008	-280.38
78.2486	-280.38
78.2964	-280.38
78.3442	-280.38
78.392	-280.38
78.4398	-280.38
78.4876	-280.38
78.5354	-280.38
78.5832	-280.38
78.631	-280.38
78.6788	-280.38
78.7266	-280.38
78.7744	-280.38
78.8222	-280.38
78.87	-280.2
78.9178	-280.2
78.9656	-280.2
79.0134	-280.2
79.0612	-280.2
79.109	-280.2
79.1568	-280.2
79.2046	-280.2
79.2524	-280.2
79.3002	-280.2
79.348	-280.2
79.3958	-280.2
79.4436	-280.2
79.4914	-280.2
79.5392	-280.2
79.587	-280.2
79.6348	-280.2
79.6826	-280.2
79.7304	-280.2
79.7782	-280.2
79.826	-280.2
79.8738	-280.2
79.9216	-280.2
79.9694	-280.2
80.0172	-280.2
80.065	-280.2
80.1128	-280.2
80.1606	-280.2
80.2084	-280.2
80.2562	-280.2
80.304	-280.2
80.3518	-280.2
80.3996	-280.2
80.4474	-280.2
80.4952	-280.2
80.543	-280.2
80.5908	-280.2
80.6386	-280.2
80.6864	-280.2
80.7342	-280.2
80.782	-280.2
80.8298	-280.2
80.8776	-280.2
80.9254	-280.2
80.9732	-280.2
81.021	-280.2
81.0688	-280.2
81.1166	-280.2
81.1644	-280.2
81.2122	-280.2
81.26	-280.2
81.3078	-280.2
81.3556	-280.2
81.4034	-280.2
81.4512	-280.2
81.499	-280.2
81.5468	-280.2
81.5946	-280.2
81.6424	-280.2
81.6902	-280.2
81.738	-280.2
81.7858	-280.2
81.8336	-280.2
81.8814	-280.2
81.9292	-280.2
81.977	-280.2
82.0248	-280.2
82.0726	-280.2
82.1204	-280.2
82.1682	-280.2
82.216	-280.2
82.2638	-280.2
82.3116	-280.2
82.3594	-280.2
82.4072	-280.2
82.455	-280.2
82.5028	-280.2
82.5506	-280.2
82.5984	-280.2
82.6462	-280.2
82.694	-280.2
82.7418	-280.2
82.7896	-280.2
82.8374	-280.2
82.8852	-280.2
82.933	-280.2
82.9808	-280.2
83.0286	-280.2
83.0764	-280.2
83.1242	-280.2
83.172	-280.2
83.2198	-280.2
83.2676	-280.2
83.3154	-280.2
83.3632	-280.2
83.411	-280.2
83.4588	-280.2
83.5066	-280.2
83.5544	-280.2
83.6022	-280.2
83.65	-280.2
83.6978	-280.2
83.7456	-280.2
83.7934	-280.2
83.8412	-280.2
83.889	-280.2
83.9368	-280.2
83.9846	-280.2
84.0324	-280.2
84.0802	-280.2
84.128	-280.2
84.1758	-280.2
84.2236	-280.2
84.2714	-280.2
84.3192	-280.2
84.367	-280.2
84.4148	-280.2
84.4626	-280.2
84.5104	-280.2
84.5582	-280.2
84.606	-280.2
84.6538	-280.2
84.7016	-280.2
84.7494	-280.2
84.7972	-280.2
84.845	-280.2
84.8928	-280.2
84.9406	-280.2
84.9884	-280.2
85.0362	-280.2
85.084	-280.2
85.1318	-280.2
85.1796	-280.2
85.2274	-280.2
85.2752	-280.2
85.323	-280.2
85.3708	-280.2
85.4186	-280.2
85.4664	-280.2
85.5142	-280.2
85.562	-280.2
85.6098	-280.2
85.6576	-280.2
85.7054	-280.2
85.7532	-280.2
85.801	-280.2
85.8488	-280.2
85.8966	-280.2
85.9444	-280.2
85.9922	-280.2
86.04	-280.2
86.0878	-280.2
86.1356	-280.2
86.1834	-280.2
86.2312	-280.2
86.279	-280.2
86.3268	-280.2
86.3746	-280.2
86.4224	-280.2
86.4702	-280.2
86.518	-280.2
86.5658	-280.2
86.6136	-280.2
86.6614	-280.2
86.7092	-280.2
86.757	-280.2
86.8048	-280.2
86.8526	-280.2
86.9004	-280.2
86.9482	-280.2
86.996	-280.2
87.0438	-280.2
87.0916	-280.2
87.1394	-280.2
87.1872	-280.2
87.235	-280.2
87.2828	-280.2
87.3306	-280.2
87.3784	-280.2
87.4262	-280.2
87.474	-280.2
87.5218	-280.2
87.5696	-280.2
87.6174	-280.2
87.6652	-280.2
87.713	-280.2
87.7608	-280.2
87.8086	-280.2
87.8564	-280.2
87.9042	-280.2
87.952	-280.2
87.9998	-280.2
88.0476	-280.2
88.0954	-280.2
88.1432	-280.2
88.191	-280.2
88.2388	-280.2
88.2866	-280.2
88.3344	-280.2
88.3822	-280.2
88.43	-280.2
88.4778	-280.2
88.5256	-280.2
88.5734	-280.2
88.6212	-280.2
88.669	-280.2
88.7168	-280.2
88.7646	-280.2
88.8124	-280.2
88.8602	-280.2
88.908	-280.2
88.9558	-280.2
89.0036	-280.2
89.0514	-280.2
89.0992	-280.2
89.147	-280.2
89.1948	-280.2
89.2426	-280.2
89.2904	-280.2
89.3382	-280.2
89.386	-280.2
89.4338	-280.2
89.4816	-280.2
89.5294	-280.2
89.5772	-280.2
89.625	-280.2
89.6728	-280.2
89.7206	-280.2
89.7684	-280.2
89.8162	-280.2
89.864	-280.2
89.9118	-280.2
89.9596	-280.2
90.0074	-280.2
90.0552	-280.2
90.103	-280.2
90.1508	-280.2
90.1986	-280.2
90.2464	-280.2
90.2942	-280.2
90.342	-280.2
90.3898	-280.2
90.4376	-280.2
90.4854	-280.2
90.5332	-280.2
90.581	-280.2
90.6288	-280.2
90.6766	-280.2
90.7244	-280.2
90.7722	-280.2
90.82	-280.2
90.8678	-280.2
90.9156	-280.2
90.9634	-280.2
91.0112	-280.2
91.059	-280.2
91.1068	-280.2
91.1546	-280.2
91.2024	-280.2
91.2502	-280.2
91.298	-280.2
91.3458	-280.2
91.3936	-280.2
91.4414	-280.2
91.4892	-280.2
91.537	-280.2
91.5848	-280.2
91.6326	-280.2
91.6804	-280.2
91.7282	-280.2
91.776	-280.2
91.8238	-280.2
91.8716	-280.2
91.9194	-280.2
91.9672	-280.2
92.015	-280.2
92.0628	-280.2
92.1106	-280.2
92.1584	-280.2
92.2062	-280.2
92.254	-280.2
92.3018	-280.2
92.3496	-280.2
92.3974	-280.2
92.4452	-280.2
92.493	-280.2
92.5408	-280.2
92.5886	-280.2
92.6364	-280.2
92.6842	-280.2
92.732	-280.2
92.7798	-280.2
92.8276	-280.2
92.8754	-280.2
92.9232	-280.2
92.971	-280.2
93.0188	-280.2
93.0666	-280.2
93.1144	-280.2
93.1622	-280.2
93.21	-280.2
93.2578	-280.2
93.3056	-280.2
93.3534	-280.2
93.4012	-280.2
93.449	-280.2
93.4968	-280.2
93.5446	-280.2
93.5924	-280.2
93.6402	-280.2
93.688	-280.2
93.7358	-280.2
93.7836	-280.2
93.8314	-280.2
93.8792	-280.2
93.927	-280.2
93.9748	-280.2
94.0226	-280.2
94.0704	-280.2
94.1182	-280.2
94.166	-280.2
94.2138	-280.2
94.2616	-280.2
94.3094	-280.2
94.3572	-280.2
94.405	-280.2
94.4528	-280.2
94.5006	-280.2
94.5484	-280.2
94.5962	-280.2
94.644	-280.2
94.6918	-280.2
94.7396	-280.2
94.7874	-280.2
94.8352	-280.2
94.883	-280.2
94.9308	-280.2
94.9786	-280.2
95.0264	-280.2
95.0742	-280.2
95.122	-280.2
95.1698	-280.2
95.2176	-280.2
95.2654	-280.2
95.3132	-280.2
95.361	-280.2
95.4088	-280.2
95.4566	-280.2
95.5044	-280.2
95.5522	-280.2
95.6	-280.2
95.6478	-280.2
95.6956	-280.2
95.7434	-280.2
95.7912	-280.2
95.839	-280.2
95.8868	-280.2
95.9346	-280.2
95.9824	-280.2
96.0302	-280.2
96.078	-280.2
96.1258	-280.2
96.1736	-280.2
96.2214	-280.2
96.2692	-280.2
96.317	-280.2
96.3648	-280.38
96.4126	-280.38
96.4604	-280.38
96.5082	-280.38
96.556	-280.38
96.6038	-280.38
96.6516	-280.38
96.6994	-280.38
96.7472	-280.38
96.795	-280.38
96.8428	-280.38
96.8906	-280.38
96.9384	-280.38
96.9862	-280.38
97.034	-280.38
97.0818	-280.38
97.1296	-280.38
97.1774	-280.38
97.2252	-280.38
97.273	-280.38
97.3208	-280.38
97.3686	-280.38
97.4164	-280.38
97.4642	-280.2
97.512	-280.2
97.5598	-280.2
97.6076	-280.2
97.6554	-280.2
97.7032	-280.2
97.751	-280.2
97.7988	-280.2
97.8466	-280.2
97.8944	-280.2
97.9422	-280.2
97.99	-280.2
98.0378	-280.2
98.0856	-280.2
98.1334	-280.2
98.1812	-280.2
98.229	-280.2
98.2768	-280.2
98.3246	-280.2
98.3724	-280.2
98.4202	-280.2
98.468	-280.2
98.5158	-280.2
98.5636	-280.2
98.6114	-280.2
98.6592	-280.2
98.707	-280.2
98.7548	-280.2
98.8026	-280.2
98.8504	-280.2
98.8982	-280.2
98.946	-280.2
98.9938	-280.2
99.0416	-280.2
99.0894	-280.2
99.1372	-280.2
99.185	-280.2
99.2328	-280.2
99.2806	-280.2
99.3284	-280.2
99.3762	-280.2
99.424	-280.2
99.4718	-280.2
99.5196	-280.2
99.5674	-280.2
99.6152	-280.2
99.663	-280.2
99.7108	-280.2
99.7586	-280.2
99.8064	-280.2
99.8542	-280.2
99.902	-280.2
99.9498	-280.2
99.9976	-280.2
100.0454	-280.2
100.0932	-280.2
100.141	-280.2
100.1888	-280.2
100.2366	-280.2
100.2844	-280.2
100.3322	-280.2
100.38	-280.2
100.4278	-280.2
100.4756	-280.2
100.5234	-280.2
100.5712	-280.2
100.619	-280.2
100.6668	-280.2
100.7146	-280.2
100.7624	-280.2
100.8102	-280.2
100.858	-280.2
100.9058	-280.2
100.9536	-280.2
101.0014	-280.2
101.0492	-280.2
101.097	-280.2
101.1448	-280.2
101.1926	-280.2
101.2404	-280.2
101.2882	-280.2
101.336	-280.2
101.3838	-280.2
101.4316	-280.2
101.4794	-280.2
101.5272	-280.2
101.575	-280.2
101.6228	-280.2
101.6706	-280.2
101.7184	-280.2
101.7662	-280.2
101.814	-280.2
101.8618	-280.2
101.9096	-280.2
101.9574	-280.2
102.0052	-280.2
102.053	-280.2
102.1008	-280.2
102.1486	-280.2
102.1964	-280.2
102.2442	-280.2
102.292	-280.2
102.3398	-280.2
102.3876	-280.2
102.4354	-280.2
102.4832	-280.2
102.531	-280.2
102.5788	-280.2
102.6266	-280.2
102.6744	-280.2
102.7222	-280.2
102.77	-280.2
102.8178	-280.2
102.8656	-280.2
102.9134	-280.2
102.9612	-280.2
103.009	-280.2
103.0568	-280.2
103.1046	-280.2
103.1524	-280.2
103.2002	-280.2
103.248	-280.2
103.2958	-280.2
103.3436	-280.2
103.3914	-280.2
103.4392	-280.2
103.487	-280.2
103.5348	-280.2
103.5826	-280.2
103.6304	-280.2
103.6782	-280.2
103.726	-280.2
103.7738	-280.02
103.8216	-280.02
103.8694	-280.02
103.9172	-280.02
103.965	-280.02
104.0128	-280.02
104.0606	-280.02
104.1084	-280.02
104.1562	-280.02
104.204	-280.02
104.2518	-280.02
104.2996	-280.02
104.3474	-280.02
104.3952	-280.02
104.443	-280.02
104.4908	-280.02
104.5386	-280.02
104.5864	-280.02
104.6342	-280.02
104.682	-280.02
104.7298	-280.02
104.7776	-280.02
104.8254	-280.02
104.8732	-280.02
104.921	-280.02
104.9688	-279.84
105.0166	-279.84
105.0644	-279.84
105.1122	-279.84
105.16	-279.84
105.2078	-279.84
105.2556	-279.84
105.3034	-279.84
105.3512	-279.84
105.399	-279.84
105.4468	-279.84
105.4946	-279.84
105.5424	-279.84
105.5902	-279.84
105.638	-279.84
105.6858	-279.84
105.7336	-279.84
105.7814	-279.84
105.8292	-279.84
105.877	-279.84
105.9248	-279.84
105.9726	-279.84
106.0204	-279.84
106.0682	-279.84
106.116	-279.84
106.1638	-279.84
106.2116	-279.84
106.2594	-279.84
106.3072	-279.84
106.355	-279.84
106.4028	-279.84
106.4506	-279.84
106.4984	-279.84
106.5462	-279.84
106.594	-279.84
106.6418	-279.84
106.6896	-279.84
106.7374	-279.84
106.7852	-279.84
106.833	-279.84
106.8808	-279.84
106.9286	-279.84
106.9764	-279.84
107.0242	-279.84
107.072	-279.84
107.1198	-279.84
107.1676	-279.84
107.2154	-279.84
107.2632	-279.84
107.311	-279.84
107.3588	-279.84
107.4066	-279.84
107.4544	-279.84
107.5022	-279.84
107.55	-279.84
107.5978	-279.84
107.6456	-279.84
107.6934	-279.84
107.7412	-279.84
107.789	-279.84
107.8368	-279.84
107.8846	-279.84
107.9324	-279.84
107.9802	-279.84
108.028	-279.84
108.0758	-279.84
108.1236	-279.84
108.1714	-279.84
108.2192	-279.84
108.267	-279.84
108.3148	-279.84
108.3626	-280.02
