0	-48.33984375
0.2499999993688	-48.82927660672
0.4999999987376	-48.93332088695
0.7499999981064	-49.01259286063
0.9999999974752	-49.08937396425
1.249999996844	-49.13191361861
1.499999996213	-49.17640952797
1.749999995582	-49.14653217876
1.99999999495	-49.19945776879
2.249999994319	-49.15453504016
2.499999993688	-49.19102808812
2.749999993057	-49.14023659446
2.999999992426	-49.17587600388
3.249999991795	-49.12028279338
3.499999991163	-49.1668060943
3.749999990532	-49.12519121504
3.999999989901	-49.16936700994
4.24999998927	-49.13105998006
4.499999988639	-49.17395531714
4.749999988007	-49.13692874508
4.999999987376	-49.18569284719
5.249999986745	-49.14173046192
5.499999986114	-49.18110453999
5.749999985483	-49.14247739565
5.999999984851	-49.18601296165
6.24999998422	-49.14717240767
6.499999983589	-49.18825376284
6.749999982958	-49.1542149257
6.999999982327	-49.19454934714
7.249999981696	-49.16701950393
7.499999981064	-49.20479300972
7.749999980433	-49.16979382922
7.999999979802	-49.19935106398
8.249999979171	-49.15912334736
8.49999997854	-49.17662293761
8.749999977908	-49.14055670892
8.999999977277	-49.1622177871
9.249999976646	-49.12700519695
9.499999976015	-49.14802604622
9.749999975384	-49.12049620302
9.999999974752	-49.14002318482
10.24999997412	-49.11782858255
10.49999997349	-49.13884943182
10.74999997286	-49.11836210664
10.99999997223	-49.13340748607
11.2499999716	-49.11249334162
11.49999997097	-49.1215632512
11.74999997033	-49.10822514887
11.9999999697	-49.12177666084
12.24999996907	-49.10843855851
12.49999996844	-49.12551132949
12.74999996781	-49.12647167286
12.99999996718	-49.14493160648
13.24999996655	-49.14695899803
13.49999996592	-49.16403176901
13.74999996528	-49.16659268466
13.99999996465	-49.17939726289
14.24999996402	-49.17993078699
14.49999996339	-49.19198843149
14.74999996276	-49.19582980496
14.99999996213	-49.20340584708
15.2499999615	-49.20361925672
15.49999996087	-49.20767403983
15.74999996024	-49.21066177475
15.9999999596	-49.21279587112
16.24999995897	-49.21172882293
16.49999995834	-49.21002154584
16.74999995771	-49.20607346755
16.99999995708	-49.20361925672
17.24999995645	-49.1989242447
17.49999995582	-49.19828401579
17.74999995519	-49.20970143138
17.99999995455	-49.2218657807
18.24999995392	-49.2465145938
18.49999995329	-49.26817567198
18.74999995266	-49.29719938265
18.99999995203	-49.3181135271
19.2499999514	-49.33283879207
19.49999995077	-49.34190870165
19.74999995014	-49.34724394258
19.9999999495	-49.34329586429
20.24999994887	-49.32985105715
20.49999994824	-49.31064418979
20.74999994761	-49.29677256337
20.99999994698	-49.27649864784
21.24999994635	-49.26860249126
21.49999994572	-49.26091974432
21.74999994509	-49.27351091292
21.99999994446	-49.28311434659
22.24999994382	-49.3026413284
22.49999994319	-49.31843364155
22.74999994256	-49.34265563538
22.99999994193	-49.36143568346
23.2499999413	-49.38469733392
23.49999994067	-49.39718179769
23.74999994004	-49.4155350265
23.99999993941	-49.41542832168
24.24999993877	-49.42044344815
24.49999993814	-49.41084001448
24.74999993751	-49.41404115904
24.99999993688	-49.40091646635
25.24999993625	-49.40379749645
25.49999993562	-49.38843200257
25.74999993499	-49.39184655676
25.99999993436	-49.37722799661
26.24999993373	-49.38245653273
26.49999993309	-49.36815808703
26.74999993246	-49.38181630381
26.99999993183	-49.37221287014
27.2499999312	-49.38661802065
27.49999993057	-49.3765877677
27.74999992994	-49.38587108692
27.99999992931	-49.37349332796
28.24999992868	-49.38651131583
28.49999992804	-49.36997206895
28.74999992741	-49.37968220744
28.99999992678	-49.36324966537
29.24999992615	-49.37167934604
29.49999992552	-49.35257918351
29.74999992489	-49.36410330392
29.99999992426	-49.34425620766
30.24999992363	-49.35279259315
30.49999992299	-49.3335857258
30.74999992236	-49.34158858719
30.99999992173	-49.3244091114
31.2499999211	-49.34254893056
31.49999992047	-49.32568956922
31.74999991984	-49.33785391854
31.99999991921	-49.32408899694
32.24999991858	-49.34212211129
32.49999991795	-49.33049128606
32.74999991731	-49.35300600279
32.99999991668	-49.34244222574
33.24999991605	-49.35962170154
33.49999991542	-49.35033838232
33.74999991479	-49.37167934604
33.99999991416	-49.35962170154
34.24999991353	-49.37861515925
34.4999999129	-49.36677092439
34.74999991226	-49.38234982791
34.99999991163	-49.36645080993
35.249999911	-49.38170959899
35.49999991037	-49.36506364729
35.74999990974	-49.38170959899
35.99999990911	-49.36762456294
36.24999990848	-49.382883352
36.49999990785	-49.36645080993
36.74999990722	-49.38533756283
36.99999990658	-49.36527705693
37.24999990595	-49.37776152071
37.49999990532	-49.35780771962
37.74999990469	-49.37221287014
37.99999990406	-49.35044508714
38.24999990343	-49.36324966537
38.4999999028	-49.34542996066
38.74999990217	-49.36356977983
38.99999990153	-49.34756405704
39.2499999009	-49.36677092439
39.49999990027	-49.34575007512
39.74999989964	-49.36527705693
39.99999989901	-49.33870755709
40.24999989838	-49.35001826787
40.49999989775	-49.31907387047
40.74999989712	-49.33315890652
40.99999989649	-49.30424190068
41.24999989585	-49.32174149093
41.49999989522	-49.29762620192
41.74999989459	-49.3289974186
41.99999989396	-49.31768670782
42.24999989333	-49.36015522563
42.4999998927	-49.3507652016
42.74999989207	-49.39782202661
42.99999989144	-49.38170959899
43.2499998908	-49.41798923733
43.49999989017	-49.38843200257
43.74999988954	-49.41713559878
43.99999988891	-49.38309676164
44.24999988828	-49.41137353857
44.49999988765	-49.37210616532
44.74999988702	-49.4012365808
44.99999988639	-49.36623740029
45.24999988575	-49.40326397236
45.49999988512	-49.36677092439
45.74999988449	-49.4092394422
45.99999988386	-49.37285309905
46.24999988323	-49.41617525541
46.4999998826	-49.3748804906
46.74999988197	-49.4138277494
46.99999988134	-49.37071900268
47.24999988071	-49.41574843613
47.49999988007	-49.38181630381
47.74999987944	-49.42631221318
47.99999987881	-49.38672472547
48.24999987818	-49.43911679141
48.49999987755	-49.40059635189
48.74999987692	-49.45747002021
48.99999987629	-49.42097697225
49.24999987566	-49.48350599596
49.49999987502	-49.44231793597
49.74999987439	-49.48756077906
49.99999987376	-49.43580894203
50.24999987313	-49.47795734539
50.4999998725	-49.42887312882
50.74999987187	-49.46643322498
50.99999987124	-49.40955955665
51.24999987061	-49.45192136965
51.49999986997	-49.39814214106
51.74999986934	-49.44466544198
51.99999986871	-49.39590133987
52.24999986808	-49.45245489374
52.49999986745	-49.40827909883
52.74999986682	-49.45576274312
52.99999986619	-49.41030649038
53.24999986556	-49.46216503223
53.49999986493	-49.4247116409
53.74999986429	-49.47560983938
53.99999986366	-49.4355955324
54.24999986303	-49.48649373088
54.4999998624	-49.4413575926
54.74999986177	-49.48830771279
54.99999986114	-49.44509226125
55.24999986051	-49.494069773
55.49999985988	-49.4539487612
55.74999985924	-49.49983183321
55.99999985861	-49.45362864674
56.24999985798	-49.49759103201
56.49999985735	-49.45586944793
56.74999985672	-49.49652398383
56.99999985609	-49.450534207
57.24999985546	-49.4894814658
57.49999985483	-49.43783633359
57.7499998542	-49.47934450803
57.99999985356	-49.43804974323
58.24999985293	-49.48926805616
58.4999998523	-49.45650967685
58.74999985167	-49.50410002595
58.99999985104	-49.45992423104
59.24999985041	-49.49385636336
59.49999984978	-49.4459458998
59.74999984915	-49.47731711648
59.99999984851	-49.43250109266
60.24999984788	-49.4614180985
60.49999984725	-49.40241033381
60.74999984662	-49.42972676737
60.99999984599	-49.37957550262
61.24999984536	-49.41340093012
61.49999984473	-49.37562742433
61.7499998441	-49.41478809277
61.99999984346	-49.37776152071
62.24999984283	-49.41574843613
62.4999998422	-49.37786822552
62.74999984157	-49.41468138795
62.99999984094	-49.38619120138
63.24999984031	-49.43186086375
63.49999983968	-49.39718179769
63.74999983905	-49.43538212276
63.99999983842	-49.4000628278
64.24999983778	-49.43751621913
64.49999983715	-49.40529136391
64.74999983652	-49.44050395405
64.99999983589	-49.41019978557
65.24999983526	-49.449360454
65.49999983463	-49.41926969515
65.749999834	-49.45597615275
65.99999983337	-49.41862946624
66.24999983273	-49.45128114073
66.4999998321	-49.41308081567
66.74999983147	-49.44445203234
66.99999983084	-49.40945285184
67.24999983021	-49.44541237571
67.49999982958	-49.41660207468
67.74999982895	-49.45437558047
67.99999982832	-49.41948310479
68.24999982769	-49.45160125519
68.49999982705	-49.41660207468
68.74999982642	-49.45085432146
68.99999982579	-49.41798923733
69.24999982516	-49.45266830338
69.49999982453	-49.4212970867
69.7499998239	-49.45704320094
69.99999982327	-49.4304737011
70.24999982264	-49.46686004425
70.499999822	-49.44445203234
70.74999982137	-49.48852112243
70.99999982074	-49.46365889969
71.24999982011	-49.50474025486
71.49999981948	-49.47539642974
71.74999981885	-49.50698105605
71.99999981822	-49.47657018275
72.24999981759	-49.50986208616
72.49999981696	-49.47881098394
72.74999981632	-49.50281956813
72.99999981569	-49.46824720689
73.24999981506	-49.49268261036
73.49999981443	-49.45832365876
73.7499998138	-49.48222553813
73.99999981317	-49.44487885162
74.24999981254	-49.46984777917
74.49999981191	-49.43228768302
74.74999981127	-49.45789683949
74.99999981064	-49.42748596618
75.24999981001	-49.46120468887
75.49999980938	-49.43612905649
75.74999980875	-49.4694209599
75.99999980812	-49.45245489374
76.24999980749	-49.49374965854
76.49999980686	-49.47806405021
76.74999980622	-49.51647778491
76.99999980559	-49.49310942963
77.24999980496	-49.52298677885
77.49999980433	-49.49278931518
77.7499998037	-49.51733142346
77.99999980307	-49.48531997787
78.24999980244	-49.50730117051
78.49999980181	-49.47198187555
78.74999980118	-49.49225579108
78.99999980054	-49.46632652016
79.24999979991	-49.49193567663
79.49999979928	-49.46664663462
79.74999979865	-49.49054851399
79.99999979802	-49.46632652016
80.24999979739	-49.48969487544
80.49999979676	-49.46846061653
80.74999979613	-49.49364295373
80.99999979549	-49.47070141772
81.24999979486	-49.49417647782
81.49999979423	-49.4740092671
81.7499997936	-49.49940501393
81.99999979297	-49.48542668269
82.24999979234	-49.50420673077
82.49999979171	-49.48446633932
82.74999979108	-49.49791114647
82.99999979045	-49.47326233337
83.24999978981	-49.48286576705
83.49999978918	-49.46035105032
83.74999978855	-49.46760697798
83.99999978792	-49.4384765625
84.24999978729	-49.44391850825
84.49999978666	-49.42407141199
84.74999978603	-49.43943690587
84.9999997854	-49.43292791193
85.24999978476	-49.44904033954
85.49999978413	-49.44381180343
85.7499997835	-49.4619516226
85.99999978287	-49.45928400213
86.24999978224	-49.47496961047
86.49999978161	-49.47080812254
86.74999978098	-49.47304892373
86.99999978035	-49.45747002021
87.24999977971	-49.43815644804
87.49999977908	-49.30018711757
87.74999977845	-49.10000887784
87.99999977782	-48.47354488773
88.24999977719	-46.90498405403
88.49999977656	-44.0983272099
88.74999977593	-36.29948542668
88.9999997753	-26.59852354677
89.24999977467	-15.94426081731
89.49999977403	-5.997771149749
89.7499997734	-6.677480844351
89.99999977277	-9.460022399476
90.24999977214	-14.35659982108
90.49999977151	-20.92033332878
90.74999977088	-29.17085660921
90.99999977025	-38.4910956963
91.24999976962	-48.11042838997
91.49999976898	-57.45168832632
91.74999976835	-61.41876007293
91.99999976772	-61.44586309686
92.24999976709	-56.92285924525
92.49999976646	-48.29545454545
92.74999976583	-46.79518479567
92.9999997652	-46.04846447498
93.24999976457	-46.34179602136
93.49999976394	-47.04359361342
93.7499997633	-48.13977221509
93.99999976267	-49.11548107654
94.24999976204	-50.05704439603
94.49999976141	-50.75649448208
94.74999976078	-51.23581252732
94.99999976015	-51.91168084845
95.24999975952	-49.60216175426
99.49999974879	16.62674483719
99.74999974816	2.550245164991
99.99999974752	-6.454574478256
100.2499997469	-9.947023191652
100.4999997463	-8.905584161932
100.7499997456	-6.455641526442
100.999999745	-4.108135516827
101.2499997444	-0.728793911167
101.4999997437	2.534239442198
101.7499997431	1.166283667504
101.9999997425	-1.120400595498
102.2499997418	-1.239909992351
102.4999997412	-1.852395651224
102.7499997406	-1.791573904611
102.9999997399	-2.175711251639
103.2499997393	-2.146900950612
103.4999997387	-2.511831430288
103.7499997381	-2.436071009069
103.9999997374	-2.775392332277
104.2499997368	-2.658017031796
104.4999997362	-2.985600824956
104.7499997355	-2.855420946241
104.9999997349	-3.171267209353
105.2499997343	-3.044288475197
105.4999997336	-3.336659678212
105.749999733	-3.166999016608
105.9999997324	-3.450833834135
106.2499997317	-3.264100401552
106.4999997311	-3.524460158982
106.7499997305	-3.319586907233
106.9999997299	-3.571410279174
107.2499997292	-3.369738171984
107.4999997286	-3.632232025787
107.749999728	-3.432694014969
107.9999997273	-3.688785579655
108.2499997267	-3.488180520651
108.4999997261	-3.750674374454
108.7499997254	-3.566075038243
108.9999997248	-3.830702988418
109.2499997242	-3.632232025787
109.4999997235	-3.902195216892
109.7499997229	-3.702657206075
109.9999997223	-3.963016963505
110.2499997216	-3.745339133523
110.499999721	-3.985424975415
110.7499997204	-3.749607326267
110.9999997198	-3.997162505463
111.2499997191	-3.754942567198
111.4999997185	-4.031308047421
111.7499997179	-3.799758591018
111.9999997172	-4.080392263986
112.2499997166	-3.858446241259
112.499999716	-4.179627745302
112.7499997153	-3.977955638112
112.9999997147	-4.326880394996
113.2499997141	-4.099599131337
113.4999997134	-4.453859129152
113.7499997128	-4.181761841674
113.9999997122	-4.522150213068
114.2499997115	-4.204169853584
114.4999997109	-4.557362803212
114.7499997103	-4.222309672749
114.9999997097	-4.579770815122
115.249999709	-4.221242624563
115.4999997084	-4.606447019777
115.7499997078	-4.261790455638
115.9999997071	-4.670469910948
116.2499997065	-4.279930274803
116.4999997059	-4.717420031141
116.7499997052	-4.316209913134
116.9999997046	-4.764370151333
117.249999704	-4.343953165975
117.4999997033	-4.784644066871
117.7499997027	-4.345020214161
117.9999997021	-4.81558846427
118.2499997014	-4.373830515188
118.4999997008	-4.873209066324
118.7499997002	-4.4655966592
118.9999996996	-4.969243403081
119.2499996989	-4.479468285621
119.4999996983	-4.932963764751
119.7499996977	-4.399439671656
119.999999697	-4.888147740931
120.2499996964	-4.397305575284
120.4999996958	-4.929762620192
120.7499996951	-4.42078063538
120.9999996945	-4.970310451267
121.2499996939	-4.525351357627
121.4999996932	-5.144239305616
121.7499996926	-4.787845211429
121.999999692	-5.435543460446
122.2499996913	-4.980980933129
122.4999996907	-5.531577797203
122.7499996901	-4.957505873033
122.9999996895	-5.449415086866
123.2499996888	-4.858270391718
123.4999996882	-5.329905690013
123.7499996876	-4.701414308348
123.9999996869	-5.173049606643
124.2499996863	-4.584039007867
124.4999996857	-5.101557378169
124.749999685	-4.590441296984
124.9999996844	-5.166647317526
125.2499996838	-4.665134670017
125.4999996831	-5.237072497815
125.7499996825	-4.729157561189
125.9999996819	-5.278687377076
126.2499996812	-4.74836442854
126.4999996806	-5.247742979677
126.74999968	-4.688609730114
126.9999996794	-5.186921233064
127.2499996787	-4.642726658108
127.4999996781	-5.144239305616
127.7499996775	-4.619251598011
127.9999996768	-5.130367679196
128.2499996762	-4.664067621831
128.4999996756	-5.190122377622
128.7499996749	-4.713151838396
128.9999996743	-5.218932678649
129.2499996737	-4.768638344078
129.499999673	-5.292559003496
129.7499996724	-4.865739729021
129.9999996718	-5.378989906578
130.2499996711	-4.948969487544
130.4999996705	-5.419537737653
130.7499996699	-4.993785511364
130.9999996693	-5.436610508632
131.2499996686	-5.022595812391
131.499999668	-5.432342315887
131.7499996674	-4.973511595826
131.9999996667	-5.287223762566
132.2499996661	-4.864672680835
132.4999996655	-5.181585992133
132.7499996648	-4.794247500546
132.9999996642	-5.115429004589
133.2499996636	-4.750498524913
133.4999996629	-5.033266294253
133.7499996623	-4.736626898492
133.9999996617	-5.040735631556
134.2499996611	-4.77930882594
134.4999996604	-5.065277739838
134.7499996598	-4.823057801573
134.9999996592	-4.967109306709
135.2499996585	-4.75690081403
135.4999996579	-4.909488704655
135.7499996573	-4.733425753934
135.9999996566	-4.892415933676
136.249999656	-4.769705392264
136.4999996554	-4.924427379261
136.7499996547	-4.820923705201
136.9999996541	-4.959639969406
137.2499996535	-4.893482981862
137.4999996528	-5.020461716018
137.7499996522	-4.982047981316
137.9999996516	-5.000187800481
138.249999651	-4.958572921219
138.4999996503	-4.947902439358
138.7499996497	-4.90522051191
138.9999996491	-4.883879548186
139.2499996484	-4.886013644559
139.4999996478	-4.876410210883
139.7499996472	-4.880678403628
139.9999996465	-4.847599909856
140.2499996459	-4.879611355441
140.4999996453	-4.834795331621
140.7499996446	-4.892415933676
140.999999644	-4.788912259615
141.2499996434	-4.894550030048
141.4999996427	-4.773973585009
141.7499996421	-4.899885270979
141.9999996415	-4.760101958588
142.2499996409	-4.918025090144
142.4999996402	-4.747297380354
142.7499996396	-4.913756897399
142.999999639	-4.749431476726
143.2499996383	-4.969243403081
143.4999996377	-4.804917982408
143.7499996371	-5.06207659528
143.9999996364	-4.791046355988
144.2499996358	-5.093020992679
144.4999996352	-4.825191897946
144.7499996345	-5.175183703016
144.9999996339	-4.909488704655
145.2499996333	-5.292559003496
145.4999996326	-4.953237680288
145.749999632	-5.3000283408
145.9999996314	-4.961774065778
146.2499996308	-5.370453521088
146.4999996301	-4.989517318619
146.7499996295	-5.406733159419
146.9999996289	-4.953237680288
147.2499996282	-5.382191051136
147.4999996276	-4.926561475634
147.749999627	-5.345911412806
147.9999996263	-4.865739729021
148.2499996257	-5.343777316434
148.4999996251	-4.843331717111
148.7499996244	-5.308564726289
148.9999996238	-4.818789608829
149.2499996232	-5.324570449082
149.4999996225	-4.861471536276
149.7499996219	-5.422738882212
149.9999996213	-4.957505873033
150.2499996207	-5.528376652644
150.49999962	-5.072747077142
150.7499996194	-5.609472314795
150.9999996188	-5.109026715472
151.2499996181	-5.598801832933
151.4999996175	-5.046070872487
151.7499996169	-5.489962917941
151.9999996162	-4.932963764751
152.2499996156	-5.335240930944
152.499999615	-4.852935150787
152.7499996143	-5.320302256337
152.9999996137	-4.867873825393
153.2499996131	-5.304296533545
153.4999996125	-4.864672680835
153.7499996118	-5.247742979677
153.9999996112	-4.867873825393
154.2499996106	-5.198658763112
154.4999996099	-4.81558846427
154.7499996093	-5.101557378169
154.9999996087	-4.750498524913
155.249999608	-4.923360331075
155.4999996074	-4.674738103693
155.7499996068	-4.89134888549
155.9999996061	-4.692877922858
156.2499996055	-4.922293282889
156.4999996049	-4.771839488636
156.7499996042	-4.916958041958
156.9999996036	-4.808119126967
157.249999603	-4.929762620192
157.4999996024	-4.872142018138
157.7499996017	-4.968176354895
157.9999996011	-4.961774065778
158.2499996005	-4.946835391171
158.4999995998	-5.000187800481
158.7499995992	-4.921226234703
158.9999995986	-5.012992378715
159.2499995979	-4.91909213833
159.4999995973	-5.049272017045
159.7499995967	-4.903086415538
159.999999596	-5.032199246066
160.2499995954	-4.814521416084
160.4999995948	-5.016193523274
160.7499995941	-4.825191897946
160.9999995935	-5.119697197334
161.2499995929	-4.936164909309
161.4999995923	-5.296827196241
161.7499995916	-5.007657137784
161.999999591	-5.402464966674
162.2499995904	-5.070612980769
162.4999995897	-5.495298158872
162.7499995891	-5.123965390079
162.9999995885	-5.4931640625
163.2499995878	-4.996986655922
163.4999995872	-5.36725237653
163.7499995866	-4.855069247159
163.9999995859	-5.296827196241
164.2499995853	-4.799582741477
164.4999995847	-5.288290810752
164.749999584	-4.775040633195
164.9999995834	-5.259480509725
165.2499995828	-4.732358705747
165.4999995822	-5.223200871394
165.7499995815	-4.699280211976
165.9999995809	-5.148507498361
166.2499995803	-4.612849308894
166.4999995796	-5.113294908217
166.749999579	-4.608581116149
166.9999995784	-5.147440450175
167.2499995777	-4.714218886582
167.4999995771	-5.278687377076
167.7499995765	-4.904153463724
167.9999995758	-5.469689002404
168.2499995752	-5.089819848121
168.4999995746	-5.580662013767
168.7499995739	-5.170915510271
168.9999995733	-5.56038809823
169.2499995727	-5.141038161058
169.4999995721	-5.47929243608
169.7499995714	-5.078082318073
169.9999995708	-5.361917135599
170.2499995702	-5.038601535184
170.4999995695	-5.208262196788
170.7499995689	-4.92762852382
170.9999995683	-5.132501775568
171.2499995676	-4.900952319165
171.499999567	-5.066344788024
171.7499995664	-4.87427611451
171.9999995657	-4.992718463177
172.2499995651	-4.876410210883
172.4999995645	-4.960707017592
172.7499995638	-4.912689849213
172.9999995632	-4.92762852382
173.2499995626	-5.005523041412
173.499999562	-4.907354608282
173.7499995613	-5.026864005135
173.9999995607	-4.930829668379
174.2499995601	-5.141038161058
174.4999995594	-4.991651414991
174.7499995588	-5.248810027863
174.9999995582	-5.03966858337
175.2499995575	-5.274419184331
175.4999995569	-4.993785511364
175.7499995563	-5.261614606097
175.9999995556	-4.91909213833
176.249999555	-5.295760148055
176.4999995544	-4.918025090144
176.7499995537	-5.324570449082
176.9999995531	-4.97244454764
177.2499995525	-5.463286713287
177.4999995519	-5.077015269886
177.7499995512	-5.58279611014
177.9999995506	-5.171982558457
178.24999955	-5.623343941215
178.4999995493	-5.15170864292
178.7499995487	-5.516639122596
178.9999995481	-5.004455993226
179.2499995474	-5.390727436626
179.4999995468	-4.857203343531
179.7499995462	-5.212530389532
179.9999995455	-4.792113404174
180.2499995449	-5.164513221154
180.4999995443	-4.79318045236
180.7499995437	-5.142105209244
180.999999543	-4.828393042504
181.2499995424	-5.066344788024
181.4999995418	-4.819856657015
181.7499995411	-5.043936776115
181.9999995405	-4.826258946132
182.2499995399	-5.000187800481
182.4999995392	-4.797448645105
182.7499995386	-4.935097861123
182.999999538	-4.840130572552
183.2499995373	-4.947902439358
183.4999995367	-4.925494427448
183.7499995361	-4.954304728475
183.9999995354	-5.020461716018
184.2499995348	-4.898818222793
184.4999995342	-5.010858282343
184.7499995336	-4.886013644559
184.9999995329	-5.097289185424
185.2499995323	-4.913756897399
185.4999995317	-5.164513221154
185.749999531	-4.939366053868
185.9999995304	-5.237072497815
186.2499995298	-4.968176354895
186.4999995291	-5.310698822662
186.7499995285	-4.977779788571
186.9999995279	-5.330972738199
187.2499995272	-4.922293282889
187.4999995266	-5.25521231698
187.749999526	-4.840130572552
187.9999995253	-5.290424907124
188.2499995247	-4.872142018138
188.4999995241	-5.342710268247
188.7499995235	-4.766504247705
188.9999995228	-5.118630149148
189.2499995222	-4.343953165975
189.4999995216	-4.225510817308
189.7499995209	-1.924954927885
189.9999995203	1.321005654502
190.2499995197	14.84050617351
191.4999995165	4.966042258523
191.7499995159	-4.4965410566
191.9999995152	-10.07186782944
193.7499995108	-13.96339256447
196.9999995026	-73.89415394176
197.249999502	-41.33851378114
197.4999995014	-18.54423042778
197.7499995007	-7.261262907015
197.9999995001	-9.045367474323
198.2499994995	-7.728630012566
198.4999994988	-9.083781209025
198.7499994982	-10.50402234484
198.9999994976	-7.622992242133
199.2499994969	-8.230142660074
199.4999994963	-8.874639764532
199.7499994957	-9.749619277207
199.999999495	-9.686663434222
200.2499994944	-9.81044102382
200.4999994938	-9.63117692854
200.7499994932	-9.828580842985
200.9999994925	-9.65358494045
201.2499994919	-9.793368252841
201.4999994913	-9.688797530594
201.7499994906	-9.802971686517
201.99999949	-9.679194096919
202.2499994894	-9.754954518138
202.4999994887	-9.709071446132
202.7499994881	-9.758155662697
202.9999994875	-9.748552229021
203.2499994868	-9.591696145651
203.4999994862	-9.587427952906
203.7499994856	-9.423102532233
203.9999994849	-9.487125423405
204.2499994843	-9.322800002732
204.4999994837	-9.456181026005
204.7499994831	-9.298257894449
204.9999994824	-9.447644640516
205.2499994818	-9.264112352491
205.4999994812	-9.471119700612
205.7499994805	-9.279051027098
205.9999994799	-9.549014218204
206.2499994793	-9.275849882539
206.4999994786	-9.488192471591
206.749999478	-9.138200666521
206.9999994774	-9.333470484594
207.2499994767	-9.04323337795
207.4999994761	-9.305727231753
207.7499994755	-9.033629944274
207.9999994749	-9.297190846263
208.2499994742	-9.034696992461
208.4999994736	-9.286520364401
208.749999473	-9.026160606971
208.9999994723	-9.317464761801
209.2499994717	-9.21396108774
209.4999994711	-9.442309399585
209.7499994704	-9.245972533326
209.9999994698	-9.3793535566
210.2499994692	-9.245972533326
210.4999994685	-9.364414881993
210.7499994679	-9.224631569602
210.9999994673	-9.273715786167
211.2499994666	-9.162742774803
211.499999466	-9.171279160293
211.7499994654	-9.068842534419
211.9999994648	-9.062440245302
212.2499994641	-9.160608678431
212.4999994635	-9.099786931818
212.7499994629	-9.208625846809
212.9999994622	-9.102988076377
213.2499994616	-9.255575967002
213.499999461	-9.124329040101
213.7499994603	-9.247039581512
213.9999994597	-9.025093558785
214.2499994591	-9.179815545782
214.4999994584	-8.945064944821
214.7499994578	-9.152072292941
214.9999994572	-8.927992173842
215.2499994565	-9.16380982299
215.4999994559	-8.905584161932
215.7499994553	-9.238503196023
215.9999994547	-9.003752595061
216.249999454	-9.332403436407
216.4999994534	-9.111524461866
216.7499994528	-9.416700243116
216.9999994521	-9.140334762893
217.2499994515	-9.362280785621
217.4999994509	-9.044300426136
217.7499994502	-9.277983978912
217.9999994496	-8.999484402316
218.249999449	-9.050702715253
218.4999994483	-8.781806572334
218.7499994477	-8.951467233938
218.9999994471	-8.781806572334
219.2499994464	-8.9621377158
219.4999994458	-8.873572716346
219.7499994452	-9.053903859812
219.9999994446	-9.016557173295
220.2499994439	-9.14140181108
220.4999994433	-9.11899379917
220.7499994427	-9.242771388767
220.999999442	-9.293989701705
221.2499994414	-9.248106629698
221.4999994408	-9.338805725524
221.7499994401	-9.286520364401
221.9999994395	-9.361213737434
222.2499994389	-9.234235003278
222.4999994382	-9.35694554469
222.7499994376	-9.168078015734
222.999999437	-9.260911207933
223.2499994363	-9.058172052557
223.4999994357	-9.209692894996
223.7499994351	-8.986679824082
223.9999994345	-9.196888316761
224.2499994338	-8.990948016827
224.4999994332	-9.308928376311
224.7499994326	-9.089116449956
224.9999994319	-9.383621749344
225.2499994313	-9.089116449956
225.4999994307	-9.397493375765
225.74999943	-9.075244823536
225.9999994294	-9.265179400677
226.2499994288	-8.919455788352
226.4999994281	-9.145670003824
226.7499994275	-8.814885066106
226.9999994269	-9.069909582605
227.2499994262	-8.799946391499
227.4999994256	-9.073110727163
227.749999425	-8.849030608064
227.9999994244	-9.018691269668
228.2499994237	-8.823421451595
228.4999994231	-9.054970907998
228.7499994225	-8.919455788352
228.9999994218	-9.090183498142
229.2499994212	-8.9621377158
229.4999994206	-9.075244823536
229.7499994199	-8.970674101289
229.9999994193	-9.072043678977
230.2499994187	-8.995216209572
230.499999418	-9.070976630791
230.7499994174	-9.045367474323
230.9999994168	-9.012288980551
231.2499994161	-9.034696992461
231.4999994155	-9.014423076923
231.7499994149	-9.126463136473
231.9999994143	-9.077378919908
232.2499994136	-9.225698617788
232.499999413	-9.120060847356
232.7499994124	-9.270514641608
232.9999994117	-9.101921028191
233.2499994111	-9.231033858719
233.4999994105	-9.031495847902
233.7499994098	-9.180882593969
233.9999994092	-8.9621377158
234.2499994086	-9.180882593969
234.4999994079	-8.938662655704
234.7499994073	-9.215028135927
234.9999994067	-8.910919402863
235.2499994061	-9.159541630245
235.4999994054	-8.824488499781
235.7499994048	-9.099786931818
235.9999994042	-8.765800849541
236.2499994035	-9.002685546875
236.4999994029	-8.611078862544
236.7499994023	-8.875706812719
236.9999994016	-8.516111573973
237.249999401	-8.786074765079
237.4999994004	-8.460625068291
237.7499993997	-8.771136090472
237.9999993991	-8.460625068291
238.2499993985	-8.756197415865
238.4999993978	-8.452088682802
238.7499993972	-8.718850729349
238.9999993966	-8.471295550153
239.249999396	-8.722051873907
239.4999993953	-8.456356875546
239.7499993947	-8.618548199847
239.9999993941	-8.428613622705
240.2499993934	-8.583335609703
240.4999993928	-8.426479526333
240.7499993922	-8.598274284309
240.9999993915	-8.472362598339
241.2499993909	-8.616414103475
241.4999993903	-8.532117296766
241.7499993896	-8.638822115385
241.999999389	-8.601475428868
242.2499993884	-8.711381392045
242.4999993877	-8.698576813811
242.7499993871	-8.67083356097
242.9999993865	-8.67936994646
243.2499993859	-8.639889163571
243.4999993852	-8.741258741259
243.7499993846	-8.678302898274
243.999999384	-8.783940668706
244.2499993833	-8.681504042832
244.4999993827	-8.815952114292
244.7499993821	-8.675101753715
244.9999993814	-8.847963559878
245.2499993808	-8.684705187391
245.4999993802	-8.865036330857
245.7499993795	-8.646291452688
245.9999993789	-8.847963559878
246.2499993783	-8.571598079655
246.4999993776	-8.810616873361
246.749999377	-8.489435369318
246.9999993764	-8.711381392045
247.2499993758	-8.403004466237
247.4999993751	-8.646291452688
247.7499993745	-8.340048623252
247.9999993739	-8.568396935096
248.2499993732	-8.232276756447
248.4999993726	-8.474496694712
248.749999372	-8.189594828999
248.9999993713	-8.469161453781
249.2499993707	-8.200265310861
249.4999993701	-8.448887538243
249.7499993694	-8.178924347137
249.9999993688	-8.299500792177
250.2499993682	-8.081822962194
250.4999993675	-8.252550671984
250.7499993669	-8.094627540428
250.9999993663	-8.232276756447
251.2499993657	-8.086091154939
251.499999365	-8.219472178212
251.7499993644	-8.173589106206
251.9999993638	-8.332579285948
252.2499993631	-8.312305370411
252.4999993625	-8.443552297312
252.7499993619	-8.454222779174
252.9999993612	-8.422211333588
253.2499993606	-8.424345429961
253.49999936	-8.399803321678
253.7499993593	-8.425412478147
253.9999993587	-8.373127117024
254.2499993581	-8.41047380354
254.4999993574	-8.273891635708
254.7499993568	-8.349652056927
254.9999993562	-8.192795973558
255.2499993556	-8.289897358501
255.4999993549	-8.117035552338
255.7499993543	-8.206667599978
255.9999993537	-7.987922721809
256.249999353	-8.126638986014
256.4999993524	-7.94310669799
256.7499993518	-8.154382238855
256.9999993511	-8.003928444602
257.2499993505	-8.271757539336
257.4999993499	-8.057280853912
257.7499993492	-8.370993020651
257.9999993486	-8.123437841455
258.249999348	-8.467027357408
258.4999993474	-8.256818864729
258.7499993467	-8.585469706075
258.9999993461	-8.294165551246
259.2499993455	-8.576933320586
259.4999993448	-8.257885912915
259.7499993442	-8.566262838724
259.9999993436	-8.270690491149
260.2499993429	-8.61214591073
260.4999993423	-8.282428021198
260.7499993417	-8.627084585337
260.999999341	-8.331512237762
261.2499993404	-8.650559645433
261.4999993398	-8.370993020651
261.7499993391	-8.712448440232
261.9999993385	-8.443552297312
262.2499993379	-8.726320066652
262.4999993373	-8.429680670892
262.7499993366	-8.694308621066
262.999999336	-8.395535128934
263.2499993354	-8.615347055288
263.4999993347	-8.303768984921
263.7499993341	-8.416876092657
263.9999993335	-8.216271033654
264.2499993328	-8.342182719624
264.4999993322	-8.130907178759
264.7499993316	-8.26215410566
264.9999993309	-8.109566215035
265.2499993303	-8.250416575612
265.4999993297	-8.160784527972
265.749999329	-8.315506514969
265.9999993284	-8.241880190122
266.2499993278	-8.335780430507
266.4999993272	-8.301634888549
266.7499993265	-8.29843374399
266.9999993259	-8.302701936735
267.2499993253	-8.314439466783
267.4999993246	-8.317640611342
267.749999324	-8.312305370411
267.9999993234	-8.361389586976
268.2499993227	-8.360322538789
268.4999993221	-8.437150008195
268.7499993215	-8.424345429961
268.9999993208	-8.52251386309
269.2499993202	-8.424345429961
269.4999993196	-8.563061694165
269.7499993189	-8.426479526333
269.9999993183	-8.552391212303
270.2499993177	-8.379529406141
270.4999993171	-8.52251386309
270.7499993164	-8.327244045017
270.9999993158	-8.510776333042
271.2499993152	-8.330445189576
271.4999993145	-8.505441092111
271.7499993139	-8.295232599432
271.9999993133	-8.568396935096
272.2499993126	-8.333646334135
272.499999312	-8.607877717985
272.7499993114	-8.305903081294
272.9999993107	-8.568396935096
273.2499993101	-8.229075611888
273.4999993095	-8.505441092111
273.7499993088	-8.20346645542
273.9999993082	-8.538519585883
274.2499993076	-8.244014286495
274.499999307	-8.560927597793
274.7499993063	-8.290964406687
274.9999993057	-8.655894886364
275.2499993051	-8.414741996285
275.4999993044	-8.708180247487
275.7499993038	-8.381663502513
275.9999993032	-8.627084585337
276.2499993025	-8.278159828453
276.4999993019	-8.465960309222
276.7499993013	-8.144778805179
276.9999993006	-8.345383864183
277.2499993	-8.055146757539
277.4999992994	-8.167186817089
277.7499992987	-7.982587480878
277.9999992981	-8.153315190669
278.2499992975	-8.01566597465
278.4999992969	-8.170387961648
278.7499992962	-8.051945612981
278.9999992956	-8.186393684441
279.249999295	-8.101029829545
279.4999992943	-8.20346645542
279.7499992937	-8.1586504316
279.9999992931	-8.234410852819
280.2499992924	-8.228008563702
280.4999992918	-8.195997118116
280.7499992912	-8.215203985468
280.9999992905	-8.210935792723
281.2499992899	-8.257885912915
281.4999992893	-8.169320913462
281.7499992886	-8.252550671984
281.999999288	-8.123437841455
282.2499992874	-8.240813141936
282.4999992868	-8.104230974104
282.7499992861	-8.25361772017
282.9999992855	-8.076487721263
283.2499992849	-8.215203985468
283.4999992842	-8.041275131119
283.7499992836	-8.279226876639
283.999999283	-8.097828684987
284.2499992823	-8.358188442417
284.4999992817	-8.094627540428
284.7499992811	-8.370993020651
284.9999992804	-8.083957058566
285.2499992798	-8.399803321678
285.4999992792	-8.114901455966
285.7499992786	-8.43288181545
285.9999992779	-8.131974226945
286.2499992773	-8.378462357955
286.4999992767	-8.071152480332
286.749999276	-8.359255490603
286.9999992754	-8.039141034747
287.2499992748	-8.314439466783
287.4999992741	-8.016733022837
287.7499992735	-8.274958683894
287.9999992729	-7.976185191761
288.2499992722	-8.202399407233
288.4999992716	-7.905760011473
288.749999271	-8.056213805726
288.9999992703	-7.836401879371
289.2499992697	-8.06901838396
289.4999992691	-7.883351999563
289.7499992685	-7.838535975743
289.9999992678	-7.281536822552
290.2499992672	-6.531401947662
290.4999992666	-4.922293282889
290.7499992659	-3.13285347465
290.9999992653	0.1942027698864
291.2499992647	6.676520500983
298.249999247	6.162416684878
298.4999992464	2.757999446842
298.7499992457	0.4479468285621
298.9999992451	-1.507205562992
299.2499992445	-3.098387818236
299.4999992438	-4.518735658872
299.7499992432	-6.104582673186
299.9999992426	-7.727669669198
300.2499992419	-9.233594774366
300.4999992413	-10.92668013139
300.7499992407	-12.83605615576
300.99999924	-15.08133894914
301.2499992394	-17.58015239155
301.4999992388	-18.85015314276
301.7499992382	-20.05954555698
301.9999992375	-21.17823887538
302.2499992369	-22.16504503797
302.4999992363	-23.01409527972
302.7499992356	-23.86794723831
302.999999235	-24.63654204682
303.2499992344	-25.40993857217
303.4999992337	-26.07460288735
303.7499992331	-26.76637022645
303.9999992325	-27.37117313839
304.2499992318	-28.01438978502
304.4999992312	-28.57373644422
304.7499992306	-29.15922578398
304.9999992299	-29.64996124481
305.2499992293	-30.19010103666
305.4999992287	-30.64530379289
305.7499992281	-31.13326492843
305.9999992274	-31.54503882348
306.2499992268	-31.99085155567
306.4999992262	-32.3715743485
306.7499992255	-32.77267776169
306.9999992249	-33.12213604267
307.2499992243	-33.48984084763
307.4999992236	-33.82179953835
307.749999223	-34.17328521088
307.9999992224	-34.48849124508
308.2499992217	-34.82162368881
308.4999992211	-35.13149448208
308.7499992205	-35.42834728748
308.9999992198	-35.71186199055
309.2499992192	-35.97905085637
309.4999992186	-36.25456269804
309.749999218	-36.48899318455
309.9999992173	-36.74135008058
310.2499992167	-36.95209209736
310.4999992161	-37.19633942717
310.7499992154	-37.39011537779
310.9999992148	-37.62561291248
311.2499992142	-37.81341339325
311.4999992135	-38.0475237653
311.7499992129	-38.22529399312
311.9999992123	-38.45001434113
312.2499992116	-38.60793747268
312.499999211	-38.8212404051
312.7499992104	-38.96891987407
312.9999992098	-39.17293948727
313.2499992091	-39.31240268521
313.4999992085	-39.50681886473
313.7499992079	-39.640199888
313.9999992072	-39.81946398328
314.2499992066	-39.94313486806
314.499999206	-40.10233845744
314.7499992053	-40.21918023383
314.9999992047	-40.37080778109
315.2499992041	-40.4929847984
315.4999992034	-40.64439893602
315.7499992028	-40.77820677857
315.9999992022	-40.93132819329
316.2499992015	-41.0666299033
316.4999992009	-41.20769367351
316.7499992003	-41.34801051
316.9999991997	-41.47947084654
317.249999199	-41.61583960473
317.4999991984	-41.71923657397
317.7499991978	-41.84141359129
317.9999991971	-41.92325618717
318.2499991965	-42.04895446351
318.4999991959	-42.13037024011
318.7499991952	-42.26044341401
318.9999991946	-42.34100555207
319.249999194	-42.47011838259
319.4999991933	-42.54054356288
319.7499991927	-42.67296424279
319.9999991921	-42.74434976644
320.2499991914	-42.87111509096
320.4999991908	-42.91913225934
320.7499991902	-43.03896177065
320.9999991896	-43.08441802338
321.2499991889	-43.20254025759
321.4999991883	-43.24660934768
321.7499991877	-43.36206396143
321.999999187	-43.40495929851
322.2499991864	-43.51347809905
322.4999991858	-43.5527454723
322.7499991851	-43.66179779693
322.9999991845	-43.70960155567
323.2499991839	-43.80862362735
323.4999991832	-43.8433026934
323.7499991826	-43.92493187964
323.999999182	-43.95662321077
324.2499991813	-44.02704839106
324.4999991807	-44.05959336074
324.7499991801	-44.13129899885
324.9999991795	-44.17302058293
325.2499991788	-44.24622008851
325.4999991782	-44.30789547367
325.7499991776	-44.38952465991
325.9999991769	-44.46389791849
326.2499991763	-44.54296618908
326.4999991757	-44.62256798377
326.749999175	-44.69043224842
326.9999991744	-44.76149765762
327.2499991738	-44.81346290428
327.4999991731	-44.87919307255
327.7499991725	-44.91675316871
327.9999991719	-44.97778832496
328.2499991712	-45.00147679469
328.4999991706	-45.06752707741
328.74999917	-45.09014849896
328.9999991694	-45.17081734184
329.2499991687	-45.20101480551
329.4999991681	-45.28424456403
329.7499991675	-45.30302461211
329.9999991668	-45.37569059359
330.2499991662	-45.38945551519
330.4999991656	-45.46617627977
330.7499991649	-45.47609982791
330.9999991643	-45.55250047804
331.2499991637	-45.55676867078
331.499999163	-45.62986147154
331.7499991624	-45.62495304988
331.9999991618	-45.70146040483
332.2499991611	-45.70572859757
332.4999991605	-45.78351641035
332.7499991599	-45.78597062118
332.9999991593	-45.85639580146
333.2499991586	-45.86055728939
333.499999158	-45.92884837331
333.7499991574	-45.93418361424
333.9999991567	-45.99361819821
334.2499991561	-45.99841991505
334.4999991555	-46.04814436052
334.7499991548	-46.05508017373
334.9999991542	-46.10405768548
335.2499991536	-46.11760919744
335.4999991529	-46.17032137784
335.7499991523	-46.20574737762
335.9999991517	-46.26539537123
336.2499991511	-46.3139460637
336.4999991504	-46.37359405731
336.7499991498	-46.42203804496
336.9999991492	-46.4611987134
337.2499991485	-46.49950574328
337.4999991479	-46.51284384561
337.7499991473	-46.55157769477
337.9999991466	-46.56032748989
338.249999146	-46.60130214024
338.4999991454	-46.609091592
338.7499991447	-46.66041660976
338.9999991441	-46.66628537478
339.2499991435	-46.73169542859
339.4999991428	-46.74610057911
339.7499991422	-46.81428495821
339.9999991416	-46.82367498224
340.249999141	-46.88769787342
340.4999991403	-46.8841766144
340.7499991397	-46.94457154174
340.9999991391	-46.94062346345
341.2499991384	-46.99749713177
341.4999991378	-46.9924820053
341.7499991372	-47.0400723544
341.9999991365	-47.02854823399
342.2499991359	-47.075605059
342.4999991353	-47.07293743854
342.7499991346	-47.11401879371
342.999999134	-47.11540595635
343.2499991334	-47.1575543597
343.4999991327	-47.17206621504
343.7499991321	-47.21624200994
343.9999991315	-47.24398526278
344.2499991309	-47.28346604567
344.4999991302	-47.31441044307
344.7499991296	-47.34706211757
344.999999129	-47.38280823181
345.2499991283	-47.40180168952
345.4999991277	-47.43584052666
345.7499991271	-47.43786791821
345.9999991264	-47.46465082769
346.2499991258	-47.45280659282
346.4999991252	-47.48481803841
346.7499991245	-47.47606824328
346.9999991239	-47.51650936954
347.2499991233	-47.51202776715
347.4999991226	-47.55961811626
347.749999122	-47.55417617051
347.9999991214	-47.60987608583
348.2499991208	-47.61104983883
348.4999991201	-47.67528613964
348.7499991195	-47.67688671192
348.9999991189	-47.7311994646
349.2499991182	-47.73301344651
349.4999991176	-47.77089365712
349.749999117	-47.76534500656
349.9999991163	-47.79212791603
350.2499991157	-47.7976765666
350.4999991151	-47.83342268083
350.7499991144	-47.84377304824
350.9999991138	-47.87642472274
351.2499991132	-47.89189692144
351.4999991125	-47.92326813811
351.7499991119	-47.94620967411
351.9999991113	-47.96509642701
352.2499991107	-48.00009560752
352.49999911	-48.00276322798
352.7499991094	-48.0263449929
352.9999991088	-48.01354041466
353.2499991081	-48.04053673377
353.4999991075	-48.03007966155
353.7499991069	-48.06529225169
353.9999991062	-48.05824973366
354.2499991056	-48.09026117925
354.499999105	-48.07158783599
354.7499991043	-48.10285234785
354.9999991037	-48.08759355879
355.2499991031	-48.12195251038
355.4999991024	-48.10989486588
355.7499991018	-48.14158619701
355.9999991012	-48.1375314139
356.2499991006	-48.16879592575
356.4999990999	-48.18042675098
356.7499990993	-48.21916060014
356.9999990987	-48.2395412205
357.249999098	-48.27080573235
357.4999990974	-48.28446394914
357.7499990968	-48.30367081649
357.9999990961	-48.32341120793
358.2499990955	-48.32703917177
358.4999990949	-48.3536086716
358.7499990942	-48.3581969788
358.9999990936	-48.38444636418
359.249999093	-48.37452281605
359.4999990923	-48.40898847246
359.7499990917	-48.40738790019
359.9999990911	-48.45081676136
360.2499990905	-48.44793573126
360.4999990898	-48.49061765871
360.7499990892	-48.48549582741
360.9999990886	-48.52508331512
361.2499990879	-48.51110498388
361.4999990873	-48.54717121258
361.7499990867	-48.54183597165
361.999999086	-48.56776524257
362.2499990854	-48.55688135107
362.4999990848	-48.57608821842
362.7499990841	-48.57640833288
362.9999990835	-48.5977492966
363.2499990829	-48.60180407971
363.4999990823	-48.6212243567
363.7499990816	-48.63018756146
363.999999081	-48.64107145296
364.2499990804	-48.65814422394
364.4999990797	-48.66219900705
364.7499990791	-48.68898191652
364.9999990785	-48.68418019968
365.2499990778	-48.71074969952
365.4999990772	-48.70082615139
365.7499990766	-48.73145043433
365.9999990759	-48.72376768739
366.2499990753	-48.76143448836
366.4999990747	-48.75119082578
366.749999074	-48.77850725934
366.9999990734	-48.7599406209
367.2499990728	-48.77669327743
367.4999990722	-48.75503219925
367.7499990715	-48.77242508468
367.9999990709	-48.75769981971
368.2499990703	-48.78192181354
368.4999990696	-48.7880039882
368.749999069	-48.81660087959
368.9999990684	-48.83527422285
369.2499990677	-48.87134045154
369.4999990671	-48.89300152972
369.7499990665	-48.9180771621
369.9999990658	-48.9438997282
370.2499990652	-48.95062213177
370.4999990646	-48.97260332441
370.7499990639	-48.96086579436
370.9999990633	-48.97953913762
371.2499990627	-48.96801501721
371.4999990621	-48.99799907124
371.7499990614	-48.99511804114
371.9999990608	-49.03086415538
372.2499990602	-49.027556306
372.4999990595	-49.05529955884
372.7499990589	-49.05092466128
372.9999990583	-49.07450642619
373.2499990576	-49.0693845949
373.499999057	-49.09125908271
373.7499990564	-49.08581713696
373.9999990557	-49.09776807665
374.2499990551	-49.08912498634
374.4999990545	-49.09339317909
374.7499990538	-49.09638091401
374.9999990532	-49.10374354649
375.2499990526	-49.11910904037
375.499999052	-49.12070961265
375.7499990513	-49.14279751011
375.9999990507	-49.14290421493
376.2499990501	-49.16947371476
376.4999990494	-49.17278156414
376.7499990488	-49.21599701568
376.9999990482	-49.22250600962
377.2499990475	-49.24544754562
377.4999990469	-49.23840502759
377.7499990463	-49.25003585282
377.9999990456	-49.24224640106
378.249999045	-49.25761189494
378.4999990444	-49.25270347328
378.7499990437	-49.26529464188
378.9999990431	-49.26166667805
379.2499990425	-49.25526438893
379.4999990419	-49.24886209981
379.7499990412	-49.24939562391
379.9999990406	-49.26454770815
380.24999904	-49.26678850934
380.4999990393	-49.28855629234
380.7499990387	-49.28738253934
380.9999990381	-49.31288499099
381.2499990374	-49.31043078016
381.4999990368	-49.33209185834
381.7499990362	-49.33603993663
381.9999990355	-49.35439316543
382.2499990349	-49.34542996066
382.4999990343	-49.35674067144
382.7499990336	-49.35780771962
382.999999033	-49.37968220744
383.2499990324	-49.3874716592
383.4999990318	-49.40443772536
383.7499990311	-49.42535186981
383.9999990305	-49.44637271908
384.2499990299	-49.46899414062
384.4999990292	-49.47475620083
384.7499990286	-49.49278931518
384.999999028	-49.48457304414
385.2499990273	-49.49204238145
385.4999990267	-49.47358244783
385.7499990261	-49.48307917668
385.9999990254	-49.47304892373
386.2499990248	-49.47582324902
386.4999990242	-49.46173821296
386.7499990236	-49.47710370684
386.9999990229	-49.48009144176
387.2499990223	-49.50004524284
387.4999990217	-49.50463355004
387.749999021	-49.51103583916
387.9999990204	-49.51999904392
388.2499990198	-49.52554769449
388.4999990191	-49.5358980619
388.7499990185	-49.53088293542
388.9999990179	-49.54123330283
389.2499990172	-49.53333714625
389.4999990166	-49.55030321241
389.749999016	-49.55030321241
389.9999990153	-49.57847328453
390.2499990147	-49.58626273629
390.4999990141	-49.6069634711
390.7499990135	-49.60514948918
390.9999990128	-49.62158203125
391.2499990122	-49.62681056736
391.4999990116	-49.64324310943
391.7499990109	-49.64889846482
391.9999990103	-49.65220631419
392.2499990097	-49.66394384424
392.499999009	-49.67397409719
392.7499990084	-49.67741532759
392.9999990078	-49.67199053083
393.2499990071	-49.63755888097
393.4999990065	-49.55853156324
393.7499990059	-49.16381835938
