0	-76.99584960938
0.2499999993688	-75.76190300708
0.4999999987376	-75.48253676471
0.7499999981064	-75.39394923619
0.9999999974752	-75.32246907552
1.249999996844	-75.23500669253
1.499999996213	-75.15657865084
1.749999995582	-75.2291379275
1.99999999495	-75.15359091592
2.249999994319	-75.23618044553
2.499999993688	-75.17087709654
2.749999993057	-75.24877161413
2.999999992426	-75.18218780731
3.249999991795	-75.26744495739
3.499999991163	-75.20544945777
3.749999990532	-75.28387749945
3.999999989901	-75.21206515652
4.24999998927	-75.27299360795
4.499999988639	-75.19595272891
4.749999988007	-75.25101241532
4.999999987376	-75.1769592712
5.249999986745	-75.24194250574
5.499999986114	-75.18400178923
5.749999985483	-75.25058559604
5.999999984851	-75.19061748798
6.24999998422	-75.25101241532
6.499999983589	-75.18528224705
6.749999982958	-75.23607374071
6.999999982327	-75.17546540374
7.249999981696	-75.23329941543
7.499999981064	-75.17653245192
7.749999980433	-75.22956474678
7.999999979802	-75.18218780731
8.249999979171	-75.24418330693
8.49999997854	-75.20811707823
8.749999977908	-75.27213996941
8.999999977277	-75.23500669253
9.249999976646	-75.2898529693
9.499999976015	-75.25047889123
9.749999975384	-75.305325168
9.999999974752	-75.26680472847
10.24999997412	-75.32207782452
10.49999997349	-75.28003612598
10.74999997286	-75.32303816789
10.99999997223	-75.27480758987
11.2499999716	-75.31130063784
11.49999997097	-75.26701813811
11.74999997033	-75.29817594515
11.9999999697	-75.25197275869
12.24999996907	-75.2789690778
12.49999996844	-75.23457987325
12.74999996781	-75.26915223448
12.99999996718	-75.23671396962
13.24999996655	-75.27768861997
13.49999996592	-75.25101241532
13.74999996528	-75.29124013194
13.99999996465	-75.2680851863
14.24999996402	-75.30970006556
14.49999996339	-75.29433457168
14.74999996276	-75.33072091483
14.99999996213	-75.3139682583
15.2499999615	-75.34523277016
15.49999996087	-75.33477569793
15.74999996024	-75.35665018575
15.9999999596	-75.34896743881
16.24999995897	-75.37041510735
16.49999995834	-75.36518657124
16.74999995771	-75.37500341455
16.99999995708	-75.36913464953
17.24999995645	-75.37030840254
17.49999995582	-75.35846416767
17.74999995519	-75.34875402917
17.99999995455	-75.33648297503
18.24999995392	-75.31898338478
18.49999995329	-75.31076711375
18.74999995266	-75.28782557774
18.99999995203	-75.28430431873
19.2499999514	-75.26381699355
19.49999995077	-75.28270374645
19.74999995014	-75.2680851863
19.9999999495	-75.29113342712
20.24999994887	-75.27576793324
20.49999994824	-75.30585869209
20.74999994761	-75.29764242106
20.99999994698	-75.3328550112
21.24999994635	-75.31492860167
21.49999994572	-75.3454461798
21.74999994509	-75.32271805343
21.99999994446	-75.35227528819
22.24999994382	-75.32218452934
22.49999994319	-75.36443963751
22.74999994256	-75.33637627021
22.99999994193	-75.37873808321
23.2499999413	-75.34533947498
23.49999994067	-75.38631412533
23.74999994004	-75.34864732436
23.99999993941	-75.38738117351
24.24999993877	-75.34331208342
24.49999993814	-75.37916490248
24.74999993751	-75.3357360413
24.99999993688	-75.37671069165
25.24999993625	-75.33146784856
25.49999993562	-75.38279286631
25.74999993499	-75.34352549306
25.99999993436	-75.40594781195
26.24999993373	-75.3649731616
26.49999993309	-75.42974298651
26.74999993246	-75.38524707714
26.99999993183	-75.44948337795
27.2499999312	-75.40039916139
27.49999993057	-75.45876669717
27.74999992994	-75.40669474568
27.99999992931	-75.46655614893
28.24999992868	-75.41000259506
28.49999992804	-75.47146457059
28.74999992741	-75.41395067335
28.99999992678	-75.47776015488
29.24999992615	-75.41523113117
29.49999992552	-75.48106800426
29.74999992489	-75.41917920946
29.99999992426	-75.4858697211
30.24999992363	-75.41170987216
30.49999992299	-75.46901035976
30.74999992236	-75.39399687227
30.99999992173	-75.45343145624
31.2499999211	-75.38332639041
31.49999992047	-75.46132761282
31.74999991984	-75.39858517947
31.99999991921	-75.47487912478
32.24999991858	-75.41245680589
32.49999991795	-75.48832393193
32.74999991731	-75.42494126967
32.99999991668	-75.50262237762
33.24999991605	-75.41800545646
33.49999991542	-75.48053448017
33.74999991479	-75.40840202278
33.99999991416	-75.46986399831
34.24999991353	-75.38802140243
34.4999999129	-75.46655614893
34.74999991226	-75.41032270952
34.99999991163	-75.49931452825
35.249999911	-75.44606882375
35.49999991037	-75.53986235932
35.74999990974	-75.48277528136
35.99999990911	-75.55874911222
36.24999990848	-75.47306514287
36.49999990785	-75.5339935943
36.74999990722	-75.45247111287
36.99999990658	-75.50966489565
37.24999990595	-75.41299032998
37.49999990532	-75.47050422722
37.74999990469	-75.38759458315
37.99999990406	-75.45183088396
38.24999990343	-75.3746833001
38.4999999028	-75.45449850443
38.74999990217	-75.39090243253
38.99999990153	-75.47765345007
39.2499999009	-75.4159780649
39.49999990027	-75.50721068482
39.74999989964	-75.46196784173
39.99999989901	-75.57155369045
40.24999989838	-75.51521354622
40.49999989775	-75.61018083479
40.74999989712	-75.54754510626
40.99999989649	-75.6291742925
41.24999989585	-75.55906922667
41.49999989522	-75.62810724432
41.74999989459	-75.53900872077
41.99999989396	-75.60367184085
42.24999989333	-75.51126546793
42.4999998927	-75.57048664226
42.74999989207	-75.49579326923
42.99999989144	-75.57774256993
43.2499998908	-75.50016816679
43.49999989017	-75.57400790128
43.74999988954	-75.48843063675
43.99999988891	-75.57219391936
44.24999988828	-75.50475647399
44.49999988765	-75.58521190723
44.74999988702	-75.51350626912
44.99999988639	-75.59140078671
45.24999988575	-75.51083864866
45.49999988512	-75.5844649735
45.74999988449	-75.50657045591
45.99999988386	-75.5695262989
46.24999988323	-75.49120496203
46.4999998826	-75.56472458206
46.74999988197	-75.47274502841
46.99999988134	-75.54455737134
47.24999988071	-75.46762319712
47.49999988007	-75.54327691352
47.74999987944	-75.48362891991
47.99999987881	-75.56760561216
48.24999987818	-75.50966489565
48.49999987755	-75.59342817827
48.74999987692	-75.53559416658
48.99999987629	-75.61284845526
49.24999987566	-75.55842899776
49.49999987502	-75.64710070203
49.74999987439	-75.58425156387
49.99999987376	-75.65542367788
50.24999987313	-75.57518165428
50.4999998725	-75.63493635271
50.74999987187	-75.56739220252
50.99999987124	-75.63077486478
51.24999987061	-75.55960275076
51.49999986997	-75.60868696733
51.74999986934	-75.52791141964
51.99999986871	-75.57656881693
52.24999986808	-75.50977160047
52.49999986745	-75.57496824465
52.74999986682	-75.51884151005
52.99999986619	-75.58393144941
53.24999986556	-75.51809457632
53.49999986493	-75.58286440122
53.74999986429	-75.528871763
53.99999986366	-75.59556227464
54.24999986303	-75.53826178704
54.4999998624	-75.58702588915
54.74999986177	-75.51862810042
54.99999986114	-75.56216366641
55.24999986051	-75.51158558239
55.49999985988	-75.57037993745
55.74999985924	-75.53442041357
55.99999985861	-75.59726955174
56.24999985798	-75.5569351303
56.49999985735	-75.61893062992
56.74999985672	-75.58585213615
56.99999985609	-75.63045475033
57.24999985546	-75.58766611806
57.49999985483	-75.61839710582
57.7499998542	-75.57208721454
57.99999985356	-75.60271149749
58.24999985293	-75.56429776278
58.4999998523	-75.59577568428
58.74999985167	-75.56696538325
58.99999985104	-75.60751321432
59.24999985041	-75.58073030485
59.49999984978	-75.61679653354
59.74999984915	-75.59673602764
59.99999984851	-75.62351893712
60.24999984788	-75.59897682884
60.49999984725	-75.61861051546
60.74999984662	-75.60473888904
60.99999984599	-75.63749726836
61.24999984536	-75.62607985276
61.49999984473	-75.6543566297
61.7499998441	-75.64507331048
61.99999984346	-75.67228303923
62.24999984283	-75.65617061162
62.4999998422	-75.68060601508
62.74999984157	-75.67025564767
62.99999984094	-75.69319718368
63.24999984031	-75.67516406933
63.49999983968	-75.69116979212
63.74999983905	-75.67879203316
63.99999983842	-75.6881820572
64.24999983778	-75.66716120793
64.49999983715	-75.67932555726
64.74999983652	-75.67238974404
64.99999983589	-75.68199317772
65.24999983526	-75.66950871394
65.49999983463	-75.67495065969
65.749999834	-75.67078917177
65.99999983337	-75.6807127199
66.24999983273	-75.67025564767
66.4999998321	-75.67943226207
66.74999983147	-75.67847191871
66.99999983084	-75.68124624399
67.24999983021	-75.67644452715
67.49999982958	-75.6761244127
67.74999982895	-75.67921885244
67.99999982832	-75.67473725005
68.24999982769	-75.68274011145
68.49999982705	-75.6807127199
68.74999982642	-75.68679489456
68.99999982579	-75.67697805125
69.24999982516	-75.67665793679
69.49999982453	-75.65905164172
69.7499998239	-75.66203937664
69.99999982327	-75.65040855141
70.24999982264	-75.660652214
70.499999822	-75.64784763576
70.74999982137	-75.65649072607
70.99999982074	-75.640058184
71.24999982011	-75.65649072607
71.49999981948	-75.64987502732
71.74999981885	-75.66630756938
71.99999981822	-75.65083537068
72.24999981759	-75.66278631037
72.49999981696	-75.64208557556
72.74999981632	-75.65275605742
72.99999981569	-75.63098827442
73.24999981506	-75.64336603338
73.49999981443	-75.62330552748
73.7499998138	-75.63995147918
73.99999981317	-75.62298541302
74.24999981254	-75.6560639068
74.49999981191	-75.65030184659
74.74999981127	-75.69074297285
74.99999981064	-75.68412727409
75.24999981001	-75.71923315942
75.49999980938	-75.70109334025
75.74999980875	-75.73054387019
75.99999980812	-75.70941631611
76.24999980749	-75.73694615931
76.49999980686	-75.70557494264
76.74999980622	-75.72424828589
76.99999980559	-75.68754182829
77.24999980496	-75.7162454245
77.49999980433	-75.68743512347
77.7499998037	-75.72403487626
77.99999980307	-75.69703855715
78.24999980244	-75.72744943045
78.49999980181	-75.68743512347
78.74999980118	-75.72115384615
78.99999980054	-75.69245024995
79.24999979991	-75.74014730387
79.49999979928	-75.72851647864
79.74999979865	-75.78112195422
79.99999979802	-75.77141181572
80.24999979739	-75.83127321897
80.49999979676	-75.82177649011
80.74999979613	-75.8876133632
80.99999979549	-75.87833004398
81.24999979486	-75.926560622
81.49999979423	-75.88526585719
81.7499997936	-75.91322251967
81.99999979297	-75.86520535129
82.24999979234	-75.89540281496
82.49999979171	-75.85869635735
82.74999979108	-75.89241508004
82.99999979045	-75.8566689658
83.24999978981	-75.89625645351
83.49999978918	-75.85965670072
83.74999978855	-75.90351238117
83.99999978792	-75.87011377295
84.24999978729	-75.91215547148
84.49999978666	-75.87235457414
84.74999978603	-75.90351238117
84.9999997854	-75.85987011036
85.24999978476	-75.89572292941
85.49999978413	-75.85368123088
85.7499997835	-75.89230837522
85.99999978287	-75.85656226098
86.24999978224	-75.89775032097
86.49999978161	-75.86029692963
86.74999978098	-75.90180510408
86.99999978035	-75.86637910429
87.24999977971	-75.90703364019
87.49999977908	-75.87640935724
87.74999977845	-75.91887787505
87.99999977782	-75.88665301983
88.24999977719	-75.9243198208
88.49999977656	-75.88964075475
88.74999977593	-75.92506675453
88.9999997753	-75.88900052584
89.24999977467	-75.92346618226
89.49999977403	-75.87833004398
89.7499997734	-75.9002045318
89.99999977277	-75.84973315259
90.24999977214	-75.87235457414
90.49999977151	-75.82881900814
90.74999977088	-75.85432145979
90.99999977025	-75.81868205037
91.24999976962	-75.85346782124
91.49999976898	-75.81964239374
91.74999976835	-75.85218736342
91.99999976772	-75.8228435383
92.24999976709	-75.85421475497
92.49999976646	-75.80993225524
92.74999976583	-75.82423070094
92.9999997652	-75.80331655649
93.24999976457	-75.84333086347
93.49999976394	-76.0142719829
93.7499997633	-76.14189094597
93.99999976267	-76.30973762566
94.24999976204	-78.52066146744
94.49999976141	-81.02000843395
94.74999976078	-82.93194537396
94.99999976015	-84.62919221891
95.24999975952	-85.87763859675
95.49999975889	-86.27287324492
95.74999975825	-86.09734381829
95.99999975762	-84.84985778382
96.24999975699	-82.58302061708
96.49999975636	-80.20115565587
96.74999975573	-78.47691249181
96.9999997551	-76.95220733856
97.24999975447	-73.29980810205
97.49999975384	-67.60817307692
97.74999975321	-61.55160757212
97.99999975257	-56.9592455884
98.24999975194	-47.17110587167
98.49999975131	-24.96818062309
101.9999997425	-28.12205494701
102.2499997418	-56.09258905157
102.4999997412	-72.96475497159
102.7499997406	-72.74707714161
102.9999997399	-62.83846768466
103.2499997393	-50.23769565396
103.4999997387	-34.56382484703
104.9999997349	-37.20370205966
105.2499997343	-63.09882744209
105.4999997336	-87.92797168652
107.2499997292	-94.58848646471
107.4999997286	-80.56320510544
107.749999728	-64.86585923842
107.9999997273	-53.77709448754
108.2499997267	-49.09168590199
108.4999997261	-48.00756494482
108.7499997254	-47.31718476836
108.9999997248	-46.96826001147
109.2499997242	-46.85408585555
109.4999997235	-47.04935567362
109.7499997229	-46.74524694056
109.9999997223	-46.44327230387
110.2499997216	-45.98764272837
110.499999721	-45.97270405376
110.7499997204	-45.78810471755
110.9999997198	-45.96736881283
111.2499997191	-45.76249556108
111.4999997185	-45.85532875328
111.7499997179	-45.49893465909
111.9999997172	-45.60990767045
112.2499997166	-45.40930261145
112.499999716	-45.59923718859
112.7499997153	-45.27165339543
112.9999997147	-45.30900008195
113.2499997141	-44.98888562609
113.4999997134	-45.19269182965
113.7499997128	-44.89071719296
113.9999997122	-45.05504261364
114.2499997115	-44.70718490494
114.4999997109	-44.86190689194
114.7499997103	-44.53645719515
114.9999997097	-44.72212357955
115.249999709	-44.46389791849
115.4999997084	-44.71145309768
115.7499997078	-44.42868532834
115.9999997071	-44.61861990549
116.2499997065	-44.31451117242
116.4999997059	-44.5866084599
116.7499997052	-44.28676791958
116.9999997046	-44.47883659309
117.249999704	-44.12671069165
117.4999997033	-44.32198050972
117.7499997027	-43.99332966838
117.9999997021	-44.19500177557
118.2499997014	-43.8834237052
118.4999997008	-44.10536972793
118.7499997002	-43.80339509124
118.9999996996	-44.02747521034
119.2499996989	-43.71589713997
119.4999996983	-43.97412280103
119.7499996977	-43.67748340527
119.999999697	-43.92717268083
120.2499996964	-43.63586852601
120.4999996958	-43.89516123525
120.7499996951	-43.63160033326
120.9999996945	-43.89729533162
121.2499996939	-43.61879575503
121.4999996932	-43.83433948864
121.7499996926	-43.53343190013
121.999999692	-43.744707441
122.2499996913	-43.43419641882
122.4999996907	-43.64227081512
122.7499996901	-43.3584359976
122.9999996895	-43.60705822498
123.2499996888	-43.34029617843
123.4999996882	-43.59638774312
123.7499996876	-43.35310075667
123.9999996869	-43.62306394777
124.2499996863	-43.38191105769
124.4999996857	-43.6283991887
124.749999685	-43.40111792504
124.9999996844	-43.64547195968
125.2499996838	-43.37657581676
125.4999996831	-43.59318659856
125.7499996825	-43.33602798569
125.9999996819	-43.58038202032
126.2499996812	-43.31575407015
126.4999996806	-43.53129780376
126.74999968	-43.24426184167
126.9999996794	-43.46727491259
127.2499996787	-43.18984238418
127.4999996781	-43.41072135872
127.7499996775	-43.14716045673
127.9999996768	-43.38831334681
128.2499996762	-43.10981377021
128.4999996756	-43.33816208206
128.7499996749	-43.07673527644
128.9999996743	-43.32642455201
129.2499996737	-43.07673527644
129.499999673	-43.32429045564
129.7499996724	-43.0564613609
129.9999996718	-43.3114858774
130.2499996711	-43.05326021635
130.4999996705	-43.32002226289
130.7499996699	-43.06179660184
130.9999996693	-43.32855864838
131.2499996686	-43.08207051737
131.499999668	-43.33282684113
131.7499996674	-43.05859545728
131.9999996667	-43.29761425098
132.2499996661	-43.00204190341
132.4999996655	-43.23785955256
132.7499996648	-42.94335425317
132.9999996642	-43.19411057692
133.2499996636	-42.92628148219
133.4999996629	-43.20157991423
133.7499996623	-42.94442130135
133.9999996617	-43.23039021525
134.2499996611	-42.98603618062
134.4999996604	-43.28694376912
134.7499996598	-43.05326021635
134.9999996592	-43.3584359976
135.2499996585	-43.07566822826
135.4999996579	-43.34349732299
135.7499996573	-43.02338286713
135.9999996566	-43.26987099814
136.249999656	-42.97003045782
136.4999996554	-43.23892660074
136.7499996547	-42.93801901224
136.9999996541	-43.20798220334
137.2499996535	-42.89640413298
137.4999996528	-43.16956846864
137.7499996522	-42.90280642209
137.9999996516	-43.19944581785
138.249999651	-42.91881214489
138.4999996503	-43.21331744427
138.7499996497	-42.90494051847
138.9999996491	-43.17170256501
139.2499996484	-42.8868006993
139.4999996478	-43.15356274585
139.7499996472	-42.83558238636
139.9999996465	-43.09914328835
140.2499996459	-42.80357094078
140.4999996453	-43.0874057583
140.7499996446	-42.81210732627
140.999999644	-43.09274099924
141.2499996434	-42.83985057911
141.4999996427	-43.14075816761
141.7499996421	-42.89213594023
141.9999996415	-43.18130599869
142.2499996409	-42.92308033763
142.4999996402	-43.18130599869
142.7499996396	-42.87826431381
142.999999639	-43.11514901115
143.2499996383	-42.81850961538
143.4999996377	-43.06606479458
143.7499996371	-42.77049244701
143.9999996364	-42.99563961429
144.2499996358	-42.71927413407
144.4999996352	-42.9796338915
144.7499996345	-42.72887756774
144.9999996339	-42.97003045782
145.2499996333	-42.69259792941
145.4999996326	-42.93268377131
145.749999632	-42.67765925481
145.9999996314	-42.93801901224
146.2499996308	-42.7011343149
146.4999996301	-42.96576226508
146.7499996295	-42.75662082059
146.9999996289	-43.01911467439
147.2499996282	-42.8174425672
147.4999996276	-43.0874057583
147.749999627	-42.86972792832
147.9999996263	-43.08420461375
148.2499996257	-42.83238124181
148.4999996251	-43.03618744537
148.7499996244	-42.78756521799
148.9999996238	-42.98496913243
149.2499996232	-42.73421280868
149.4999996225	-42.91987919307
149.7499996219	-42.71073774858
149.9999996213	-42.879331362
150.2499996207	-42.66165353201
150.49999962	-42.79290045892
150.7499996194	-42.53467479786
150.9999996188	-42.63391027917
151.2499996181	-42.36608118444
151.4999996175	-42.45464618389
151.7499996169	-42.20068871558
151.9999996162	-42.2999241969
152.2499996156	-42.11212371613
152.499999615	-42.27751618499
152.7499996143	-42.1836159446
152.9999996137	-42.37995281086
153.2499996131	-42.32660040155
153.4999996125	-42.5314736533
153.7499996118	-42.47812124399
153.9999996112	-42.67445811025
154.2499996106	-42.60403292996
154.4999996099	-42.74915148328
154.7499996093	-42.64458076104
154.9999996087	-42.74701738691
155.249999608	-42.64671485741
155.4999996074	-42.75341967603
155.7499996068	-42.64564780922
155.9999996061	-42.72140823044
156.2499996055	-42.62217274913
156.4999996049	-42.70646955583
156.7499996042	-42.61577046001
156.9999996036	-42.69686612216
157.249999603	-42.61683750819
157.4999996024	-42.68299449574
157.7499996017	-42.60189883359
157.9999996011	-42.66912286932
158.2499996005	-42.59122835173
158.4999995998	-42.66378762839
158.7499995992	-42.59122835173
158.9999995986	-42.65311714653
159.2499995979	-42.5933624481
159.4999995973	-42.65631829108
159.7499995967	-42.59976473722
159.999999596	-42.65418419471
160.2499995954	-42.60296588177
160.4999995948	-42.65098305015
160.7499995941	-42.5933624481
160.9999995935	-42.63497732736
161.2499995929	-42.58269196624
161.4999995923	-42.62750799006
161.7499995916	-42.59016130354
161.999999591	-42.63817847192
162.2499995904	-42.59442949629
162.4999995897	-42.62644094187
162.7499995891	-42.58055786986
162.9999995885	-42.61043521908
163.2499995878	-42.57415558075
163.4999995872	-42.61150226726
163.7499995866	-42.56882033982
163.9999995859	-42.59976473722
164.2499995853	-42.57628967712
164.4999995847	-42.62644094187
164.749999584	-42.62217274913
164.9999995834	-42.66592172476
165.2499995828	-42.62964208643
165.4999995822	-42.64137961648
165.7499995815	-42.59869768903
165.9999995809	-42.60403292996
166.2499995803	-42.56882033982
166.4999995796	-42.58375901442
166.749999579	-42.54641232791
166.9999995784	-42.55921690614
167.2499995777	-42.53360774967
167.4999995771	-42.56028395433
167.7499995765	-42.5624180507
167.9999995758	-42.60296588177
168.2499995752	-42.60296588177
168.4999995746	-42.62537389368
168.7499995739	-42.61897160457
168.9999995733	-42.62323979731
169.2499995727	-42.6008317854
169.4999995721	-42.59122835173
169.7499995714	-42.55708280977
169.9999995708	-42.53787594242
170.2499995702	-42.5079985932
170.4999995695	-42.48132238855
170.7499995689	-42.45998142483
170.9999995683	-42.4461097984
171.2499995676	-42.45357913571
171.499999567	-42.44504275022
171.7499995664	-42.45998142483
171.9999995657	-42.44717684659
172.2499995651	-42.4695848585
172.4999995645	-42.4621155212
172.7499995638	-42.49946220771
172.9999995632	-42.50266335227
173.2499995626	-42.56028395433
173.499999562	-42.56775329163
173.7499995613	-42.61363636364
173.9999995607	-42.58375901442
174.2499995601	-42.62003865275
174.4999995594	-42.56882033982
174.7499995588	-42.59549654447
174.9999995582	-42.52080317144
175.2499995575	-42.53787594242
175.4999995569	-42.46745076213
175.7499995563	-42.51440088232
175.9999995556	-42.4621155212
176.249999555	-42.51760202688
176.4999995544	-42.47812124399
176.7499995537	-42.53680889423
176.9999995531	-42.47492009943
177.2499995525	-42.52293726781
177.4999995519	-42.4386404611
177.7499995512	-42.49199287041
177.9999995506	-42.40129377458
178.24999955	-42.44824389478
178.4999995493	-42.4002267264
178.7499995487	-42.49946220771
178.9999995481	-42.48772467767
179.2499995474	-42.61683750819
179.4999995468	-42.61470341182
179.7499995462	-42.75875491696
179.9999995455	-42.75128557965
180.2499995449	-42.88359955474
180.4999995443	-42.84411877185
180.7499995437	-42.92628148219
180.999999543	-42.76409015789
181.2499995424	-42.73421280868
181.4999995418	-42.4770541958
181.7499995411	-42.37568461812
181.9999995405	-42.08224636691
182.2499995399	-41.99154727109
182.4999995392	-41.68103624891
182.7499995386	-41.71838293542
182.999999538	-41.55405751475
183.2499995373	-41.73972389915
183.4999995367	-41.71411474268
183.7499995361	-42.01502233118
183.9999995354	-42.00968709025
184.2499995348	-42.32019811243
184.4999995342	-42.26044341401
184.7499995336	-42.51333383413
184.9999995329	-42.38101985905
185.2499995323	-42.55068052065
185.4999995317	-42.28498552229
185.749999531	-42.45464618389
185.9999995304	-42.20495690833
186.2499995298	-42.39702558184
186.4999995291	-42.16227498088
186.7499995285	-42.38528805179
186.9999995279	-42.19321937828
187.2499995272	-42.45464618389
187.4999995266	-42.24763883577
187.749999526	-42.5079985932
187.9999995253	-42.28818666685
188.2499995247	-42.52187021962
188.4999995241	-42.28498552229
188.7499995235	-42.50159630409
188.9999995228	-42.2380354021
189.2499995222	-42.45357913571
189.4999995216	-42.21029214926
189.7499995209	-42.45357913571
189.9999995203	-42.26151046219
190.2499995197	-42.54427823153
190.499999519	-42.35220955802
190.7499995184	-42.63070913462
190.9999995178	-42.43010407561
191.2499995171	-42.69579907397
191.4999995165	-42.46851781031
191.7499995159	-42.68192744755
191.9999995152	-42.43543931654
192.2499995146	-42.63711142373
192.499999514	-42.3927573891
192.7499995134	-42.61256931545
192.9999995127	-42.3767516663
193.2499995121	-42.58375901442
193.4999995115	-42.33940497979
193.7499995108	-42.54214413516
193.9999995102	-42.29779010052
194.2499995096	-42.50479744865
194.4999995089	-42.2529740767
194.7499995083	-42.4386404611
194.9999995077	-42.21882853475
195.249999507	-42.42690293105
195.4999995064	-42.21776148656
195.7499995058	-42.45037799115
195.9999995051	-42.24230359484
196.2499995045	-42.45251208752
196.4999995039	-42.22416377568
196.7499995033	-42.41623244919
196.9999995026	-42.17187841455
197.249999502	-42.3618129917
197.4999995014	-42.1761466073
197.7499995007	-42.40449491914
197.9999995001	-42.20388986014
198.2499994995	-42.42156769012
198.4999994988	-42.214560342
198.7499994982	-42.41836654556
198.9999994976	-42.20175576377
199.2499994969	-42.4076960637
199.4999994963	-42.17721365549
199.7499994957	-42.36714823263
199.999999495	-42.11852600524
200.2499994944	-42.30205829327
200.4999994938	-42.10252028245
200.7499994932	-42.34367317253
200.9999994925	-42.14093401715
201.2499994919	-42.3767516663
201.4999994913	-42.17828070367
201.7499994906	-42.38848919635
201.99999949	-42.16227498088
202.2499994894	-42.37248347356
202.4999994887	-42.14840335446
202.7499994881	-42.33727088341
202.9999994875	-42.09611799333
203.2499994868	-42.27218094406
203.4999994862	-42.02249166849
203.7499994856	-42.21776148656
203.9999994849	-41.99901660839
204.2499994843	-42.22309672749
204.4999994837	-42.0448996804
204.7499994831	-42.2839184741
204.9999994824	-42.1067884752
205.2499994818	-42.35647775076
205.4999994812	-42.1996216674
205.7499994805	-42.43970750929
205.9999994799	-42.29032076322
206.2499994793	-42.50373040046
206.4999994786	-42.29779010052
206.749999478	-42.48025534036
206.9999994774	-42.27111389587
207.2499994767	-42.41729949738
207.4999994761	-42.15693973995
207.7499994755	-42.21562739019
207.9999994749	-42.03743034309
208.2499994742	-42.21669443837
208.4999994736	-42.12066010162
208.749999473	-42.24230359484
211.7499994654	-39.75928246558
211.9999994648	-31.41176450503
215.2499994565	-38.53729888276
215.4999994559	-82.18992006529
216.4999994534	-72.95589847165
219.9999994446	-29.49662642045
220.2499994439	-38.66982626748
220.4999994433	-21.88771921438
222.4999994382	-30.48556667941
222.7499994376	-42.5933624481
222.999999437	-51.42958847793
223.2499994363	-54.32449020706
223.4999994357	-52.03673889587
223.7499994351	-53.11659166029
223.9999994345	-53.61597021143
224.2499994338	-54.20391376202
224.4999994332	-53.72267503005
224.7499994326	-53.35774455037
224.9999994319	-53.00561864893
225.2499994313	-52.58093347083
225.4999994307	-52.13384028081
225.74999943	-51.92149769176
225.9999994294	-51.68247889806
226.2499994288	-51.5245557665
226.4999994281	-51.36663263494
226.7499994275	-51.31648137019
226.9999994269	-51.18736853966
227.2499994262	-51.12547974486
227.4999994256	-50.99743396252
227.749999425	-50.93981336047
227.9999994244	-50.83097444548
228.2499994237	-50.80536528901
228.4999994231	-50.72960486779
228.7499994225	-50.69866047039
228.9999994218	-50.6282352901
229.2499994212	-50.59942498907
229.4999994206	-50.52366456785
229.7499994199	-50.50552474869
229.9999994193	-50.48418378496
230.2499994187	-50.48738492952
230.499999418	-50.47778149585
230.7499994174	-50.48098264041
230.9999994168	-50.48525083315
231.2499994161	-50.49272017045
231.4999994155	-50.50339065232
231.7499994149	-50.50339065232
231.9999994143	-50.49272017045
232.2499994136	-50.45964167668
232.499999413	-50.43189842384
232.7499994124	-50.39775288188
232.9999994117	-50.38494830365
233.2499994111	-50.34440047257
233.4999994105	-50.32946179797
233.7499994098	-50.27931053322
233.9999994092	-50.26117071405
234.2499994086	-50.20034896744
234.4999994079	-50.18967848558
234.7499994073	-50.14272836538
234.9999994067	-50.13846017264
235.2499994061	-50.08830890789
235.4999994054	-50.09471119701
235.7499994048	-50.05736451049
235.9999994042	-50.08083957059
236.2499994035	-50.05096222137
236.4999994029	-50.08404071514
236.7499994023	-50.05202926956
236.9999994016	-50.07123613691
237.249999401	-50.02748716128
237.4999994004	-50.03709059495
237.7499993997	-49.97413475197
237.9999993991	-49.98053704108
238.2499993985	-49.91651414991
238.4999993978	-49.93785511364
238.7499993972	-49.8791674634
238.9999993966	-49.90797776442
239.249999396	-49.85889354786
239.4999993953	-49.89944137893
239.7499993947	-49.85249125874
239.9999993941	-49.88556975251
240.2499993934	-49.82154686134
240.4999993928	-49.84182077688
240.7499993922	-49.7553898738
240.9999993915	-49.78099903027
241.2499993909	-49.70203746449
241.4999993903	-49.73725005463
241.7499993896	-49.6700260189
241.999999389	-49.70737270542
242.2499993884	-49.63481342876
242.4999993877	-49.67322716346
242.7499993871	-49.59426559768
242.9999993865	-49.64228276606
243.2499993859	-49.56118710391
243.4999993852	-49.60707017592
243.7499993846	-49.5238404174
243.999999384	-49.58146101945
244.2499993833	-49.51210288735
244.4999993827	-49.57399168215
244.7499993821	-49.51316993553
244.9999993814	-49.58572921219
245.2499993808	-49.50996879097
245.4999993802	-49.56758939303
245.7499993795	-49.4768902972
245.9999993789	-49.53344385107
246.2499993783	-49.45554933348
246.4999993776	-49.51316993553
246.749999377	-49.45021409255
246.9999993764	-49.53451089926
247.2499993758	-49.46088457441
247.4999993751	-49.54838252568
247.7499993745	-49.47582324902
247.9999993739	-49.54091318837
248.2499993732	-49.45021409255
248.4999993726	-49.54624842931
248.749999372	-49.50356650186
248.9999993713	-49.58999740494
249.2499993707	-49.52597451377
249.4999993701	-49.60493607955
249.7499993694	-49.55691891117
249.9999993688	-49.62841113964
250.2499993682	-49.51423698372
250.4999993675	-49.58679626038
250.7499993669	-49.48756077906
250.9999993663	-49.50996879097
251.2499993657	-49.36058204491
251.499999365	-49.39045939412
251.7499993644	-49.28695572006
251.9999993638	-49.33390584025
252.2499993631	-49.22399987708
252.4999993625	-49.29229096099
252.7499993619	-49.2218657807
252.9999993612	-49.28268752732
253.2499993606	-49.1909213833
253.49999936	-49.27948638276
253.7499993593	-49.21759758796
253.9999993587	-49.32430240658
254.2499993581	-49.2528101781
254.4999993574	-49.32430240658
254.7499993568	-49.21973168433
254.9999993562	-49.28588867188
255.2499993556	-49.16637927502
255.4999993549	-49.21012825066
255.7499993543	-49.07461313101
255.9999993537	-49.1066245766
256.249999353	-48.98711517974
256.4999993524	-49.05113807091
256.7499993518	-48.95403668597
256.9999993511	-49.0447357818
257.2499993505	-48.9668412642
257.4999993499	-49.05327216729
257.7499993492	-48.9593719269
257.9999993486	-49.05754036003
258.249999348	-48.94016505955
258.4999993474	-49.00525499891
258.7499993467	-48.83346024093
258.9999993461	-48.86440463833
259.2499993455	-48.68087235031
259.4999993448	-48.71074969952
259.7499993442	-48.53682084517
259.9999993436	-48.56136295345
260.2499993429	-48.38103180999
260.4999993423	-48.42371373743
260.7499993417	-48.27005879862
260.999999341	-48.35969084626
261.2499993404	-48.23377916029
261.4999993398	-48.34368512347
261.7499993391	-48.21670638931
261.9999993385	-48.33941693073
262.2499993379	-48.2252427748
262.4999993373	-48.3490203644
262.7499993366	-48.23804735304
262.999999336	-48.35328855715
263.2499993354	-48.21990753387
263.4999993347	-48.32447825612
263.7499993341	-48.26472355769
263.9999993335	-48.43225012292
264.2499993328	-48.44825584572
264.4999993322	-48.65099500109
264.7499993316	-48.67553710938
264.9999993309	-48.88787969843
265.2499993303	-48.92309228857
265.4999993297	-49.11942915483
265.749999329	-49.11195981753
265.9999993284	-49.26454770815
266.2499993278	-49.19839072061
266.4999993272	-49.27735228639
266.7499993265	-49.21759758796
266.9999993259	-49.28695572006
267.2499993253	-49.24320674443
267.4999993246	-49.30509553923
267.749999324	-49.19518957605
267.9999993234	-49.19945776879
268.2499993227	-49.07781427557
268.4999993221	-49.07674722738
268.7499993215	-48.94229915592
268.9999993208	-48.94656734867
269.2499993202	-48.82385680726
269.4999993196	-48.84626481917
269.7499993189	-48.75023048241
269.9999993183	-48.79611355441
270.2499993177	-48.73209066324
270.4999993171	-48.79291240986
270.7499993164	-48.70861560315
270.9999993158	-48.74702933785
271.2499993152	-48.6659336757
271.4999993145	-48.70968265133
271.7499993139	-48.63605632649
271.9999993133	-48.67767120575
272.2499993126	-48.60617897727
272.499999312	-48.65419614565
272.7499993114	-48.57950277262
272.9999993107	-48.63819042286
273.2499993101	-48.57416753169
273.4999993095	-48.61791650732
273.7499993088	-48.55282656796
273.9999993082	-48.60938012183
274.2499993076	-48.56883229076
274.499999307	-48.64779385653
274.7499993063	-48.61578241095
274.9999993057	-48.67767120575
275.2499993051	-48.64032451923
275.4999993044	-48.69474397673
275.7499993038	-48.63605632649
275.9999993032	-48.68300644668
276.2499993025	-48.61898355551
276.4999993019	-48.64886090472
276.7499993013	-48.57950277262
276.9999993006	-48.61578241095
277.2499993	-48.55496066434
277.4999992994	-48.6040448809
277.7499992987	-48.55816180889
277.9999992981	-48.60831307365
278.2499992975	-48.56349704983
278.4999992969	-48.61684945913
278.7499992962	-48.56349704983
278.9999992956	-48.62005060369
279.249999295	-48.56776524257
279.4999992943	-48.6115142182
279.7499992937	-48.56029590527
279.9999992931	-48.61898355551
280.2499992924	-48.56883229076
280.4999992918	-48.61471536276
280.7499992912	-48.5656311462
280.9999992905	-48.62645289281
281.2499992899	-48.56669819438
281.4999992893	-48.62858698918
281.7499992886	-48.57950277262
281.999999288	-48.64992795291
282.2499992874	-48.57416753169
282.4999992868	-48.59870963997
282.7499992861	-48.53041855605
282.9999992855	-48.57416753169
283.2499992849	-48.50160825503
283.4999992842	-48.54322313429
283.7499992836	-48.49200482135
283.999999283	-48.58803915811
284.2499992823	-48.53575379698
284.4999992817	-48.61898355551
284.7499992811	-48.59550849541
284.9999992804	-48.70754855496
285.2499992798	-48.64565976016
285.4999992792	-48.6894087358
285.7499992786	-48.61044717002
285.9999992779	-48.64139156742
286.2499992773	-48.52615036331
286.4999992767	-48.5346867488
286.749999276	-48.42691488199
286.9999992754	-48.48880367679
287.2499992748	-48.40130572552
287.4999992741	-48.44612174934
287.7499992735	-48.36929427994
287.9999992729	-48.45465813483
288.2499992722	-48.39490343641
288.4999992716	-48.45999337576
288.749999271	-48.38209885817
288.9999992703	-48.44292060479
289.2499992697	-48.36075789445
289.4999992691	-48.41731144832
289.7499992685	-48.33088054524
289.9999992678	-48.39703753278
290.2499992672	-48.32234415975
290.4999992666	-48.38850114729
290.7499992659	-48.31380777426
290.9999992653	-48.38209885817
291.2499992647	-48.31380777426
291.499999264	-48.36502608719
291.7499992634	-48.29139976235
291.9999992628	-48.3490203644
292.2499992621	-48.27005879862
292.4999992615	-48.32447825612
292.7499992609	-48.24444964215
292.9999992602	-48.29993614784
293.2499992596	-48.24658373853
293.499999259	-48.32661235249
293.7499992584	-48.28393042504
293.9999992577	-48.36075789445
294.2499992571	-48.32447825612
294.4999992565	-48.39170229185
294.7499992558	-48.35755674989
294.9999992552	-48.43865241204
295.2499992546	-48.39063524366
295.4999992539	-48.43225012292
295.7499992533	-48.35862379808
295.9999992527	-48.38636705092
296.249999252	-48.32447825612
296.4999992514	-48.35435560533
296.7499992508	-48.28499747323
296.9999992501	-48.30953958151
297.2499992495	-48.26258946132
297.4999992489	-48.29780205146
297.7499992483	-48.26152241313
297.9999992476	-48.32127711156
298.249999247	-48.29780205146
298.4999992464	-48.33088054524
298.7499992457	-48.30420434058
298.9999992451	-48.34581921984
299.2499992445	-48.32767940068
299.4999992438	-48.36395903901
299.7499992432	-48.33834988254
299.9999992426	-48.35328855715
300.2499992419	-48.33194759342
300.4999992413	-48.33941693073
300.7499992407	-48.31274072607
300.99999924	-48.31700891882
301.2499992394	-48.30100319602
301.4999992388	-48.30207024421
301.7499992382	-48.29460090691
301.9999992375	-48.30420434058
302.2499992369	-48.30527138877
302.4999992363	-48.32341120793
302.7499992356	-48.33301464161
302.999999235	-48.33408168979
303.2499992344	-48.35222150896
303.4999992337	-48.33621578617
303.7499992331	-48.33728283435
303.9999992325	-48.30420434058
304.2499992318	-48.31380777426
304.4999992312	-48.27752813593
304.7499992306	-48.28606452142
304.9999992299	-48.25085193127
305.2499992293	-48.26258946132
305.4999992287	-48.22097458206
305.7499992281	-48.24231554578
305.9999992274	-48.1868290401
306.2499992268	-48.22204163024
306.4999992262	-48.18042675098
306.7499992255	-48.22737687118
306.9999992249	-48.19536542559
307.2499992243	-48.27539403955
307.4999992236	-48.23698030485
307.749999223	-48.29886909965
307.9999992224	-48.24444964215
308.2499992217	-48.30420434058
308.4999992211	-48.23377916029
308.7499992205	-48.28926566597
308.9999992198	-48.18896313647
309.2499992192	-48.24018144941
309.4999992186	-48.16121988363
309.749999218	-48.24551669034
309.9999992173	-48.13881187172
310.2499992167	-48.2177734375
310.4999992161	-48.07692307692
310.7499992154	-48.10466632976
310.9999992148	-47.93287157179
311.2499992142	-47.96168187281
311.4999992135	-47.79735645214
311.7499992129	-47.81656331949
311.9999992123	-47.63943332059
312.2499992116	-47.67998115166
312.499999211	-47.55833765844
312.7499992104	-47.6767800071
312.9999992098	-47.64476856152
313.2499992091	-47.84003837959
313.4999992085	-47.85817819875
313.7499992079	-48.0630514505
313.9999992072	-48.10146518521
314.2499992066	-48.33728283435
314.499999206	-48.39170229185
314.7499992053	-48.58910620629
314.9999992047	-48.57630162806
315.2499992041	-48.70541445859
315.4999992034	-48.60191078453
315.7499992028	-48.62218470007
315.9999992022	-48.50054120684
316.2499992015	-48.49734006228
316.4999992009	-48.36075789445
316.7499992003	-48.33728283435
316.9999991997	-48.20070066652
317.249999199	-48.19963361833
317.4999991984	-48.10786747432
317.7499991978	-48.12280614893
317.9999991971	-48.0555821132
318.2499991965	-48.08972765516
318.4999991959	-48.03424114948
318.7499991952	-48.06838669143
318.9999991946	-48.03850934222
319.249999194	-48.07265488418
319.4999991933	-48.05451506501
319.7499991927	-48.09826404065
319.9999991921	-48.08759355879
320.2499991914	-48.11320271525
320.4999991908	-48.11213566707
320.7499991902	-48.12173910074
320.9999991896	-48.11640385981
321.2499991889	-48.09612994427
321.4999991883	-48.0865265106
321.7499991877	-48.05024687227
321.999999187	-48.05238096864
322.2499991864	-48.01610133031
322.4999991858	-48.04384458315
322.7499991851	-48.02143657124
322.9999991845	-48.06518554688
323.2499991839	-48.02143657124
323.4999991832	-48.06945373962
323.7499991826	-48.02997295673
323.999999182	-48.0939958479
324.2499991813	-48.05451506501
324.4999991807	-48.12814138986
324.7499991801	-48.03530819766
324.9999991795	-48.08545946241
325.2499991788	-47.96168187281
325.4999991782	-48.0011626557
325.7499991776	-47.84964181326
325.9999991769	-47.84644066871
326.2499991763	-47.69812097083
326.4999991757	-48.07799012511
326.749999175	-47.35879964762
326.9999991744	-58.78475162533
327.2499991738	-75.16287423514
327.4999991731	-92.13640973285
328.74999917	-78.89135400732
328.9999991694	-27.03163840554
336.7499991498	-94.47772686298
336.9999991492	-89.45064944821
337.2499991485	-82.23996462522
337.4999991479	-73.34313025841
337.7499991473	-71.28842227109
337.9999991466	-71.52840140816
338.249999146	-72.18762377759
338.4999991454	-71.72452486478
338.7499991447	-70.71669785293
338.9999991441	-69.67739291958
339.2499991435	-68.84146737052
339.4999991428	-68.23410354294
339.7499991422	-68.11918245329
339.9999991416	-68.31519920509
340.249999141	-69.28301190996
340.4999991403	-67.5570614688
340.7499991397	-65.98572630982
340.9999991391	-66.67610648629
341.2499991384	-68.0366996285
341.4999991378	-68.80102624426
341.7499991372	-69.11708591701
341.9999991365	-69.29421591592
342.2499991359	-69.29421591592
342.4999991353	-69.29635001229
342.7499991346	-69.24587863309
342.999999134	-69.2218700489
343.2499991334	-69.18388313347
343.4999991327	-69.22293709708
343.7499991321	-69.21472082605
343.9999991315	-69.33358999399
344.2499991309	-69.40892359594
344.4999991302	-69.59181565505
344.7499991296	-69.73277272044
344.999999129	-69.99515986943
345.2499991283	-70.19064309714
345.4999991277	-70.5165196132
345.7499991271	-70.75361772017
345.9999991264	-71.12110911549
346.2499991258	-71.39758130054
346.4999991252	-71.80263279201
346.7499991245	-72.0913760312
346.9999991239	-72.50528402262
347.2499991233	-72.79178646061
347.4999991226	-73.21551129535
347.749999122	-73.51620547421
347.9999991214	-73.94569236915
348.2499991208	-74.23870380108
348.4999991201	-74.65303861178
348.7499991195	-74.92780351972
348.9999991189	-75.31973031851
349.2499991182	-75.56813913625
349.4999991176	-75.92463993526
349.749999117	-76.13815627732
349.9999991163	-76.45080139587
350.2499991157	-76.60755077442
350.4999991151	-76.87132508605
350.7499991144	-76.99638313347
350.9999991138	-77.20797878879
351.2499991132	-77.28075147509
351.4999991125	-77.43920813074
351.7499991119	-77.46599104021
351.9999991113	-77.57450984075
352.2499991107	-77.55007443728
352.49999911	-77.60364025623
352.7499991094	-77.54089782288
352.9999991088	-77.55594320231
353.2499991081	-77.47079275705
353.4999991075	-77.45745465472
353.7499991069	-77.35672530594
353.9999991062	-77.30870813757
354.2499991056	-77.17842155403
354.499999105	-77.09775271116
354.7499991043	-76.94313742898
354.9999991037	-76.83771306818
355.2499991031	-76.66858593067
355.4999991024	-76.54491504589
355.7499991018	-76.36906550481
355.9999991012	-76.23941915019
356.2499991006	-76.0761607777
356.4999990999	-75.95665138085
356.7499990993	-75.81345351426
356.9999990987	-75.70866938238
357.249999098	-75.58926669034
357.4999990974	-75.49141837167
357.7499990968	-75.3913292518
357.9999990961	-75.30553857763
358.2499990955	-75.23340612025
358.4999990949	-75.16596867488
358.7499990942	-75.11411013303
358.9999990936	-75.0565962358
359.249999093	-75.01978307337
359.4999990923	-74.96813794116
359.7499990917	-74.93975445941
359.9999990911	-74.90230106807
360.2499990905	-74.89515184523
360.4999990898	-74.86442085746
360.7499990892	-74.87871930316
360.9999990886	-74.85439060451
361.2499990879	-74.88917637538
361.4999990873	-74.88608193564
361.7499990867	-74.94583663407
361.999999086	-74.95319926655
362.2499990854	-75.03066696487
362.4999990848	-75.04635257321
362.7499990841	-75.1305426751
362.9999990835	-75.15881945203
363.2499990829	-75.26061584899
363.4999990823	-75.28899933075
363.7499990816	-75.39687790237
363.999999081	-75.41832557091
364.2499990804	-75.52897846782
364.4999990797	-75.54935908818
364.7499990791	-75.65190241887
364.9999990785	-75.66737461757
365.2499990778	-75.77226545427
365.4999990772	-75.77653364702
365.7499990766	-75.87054059222
365.9999990759	-75.86701933321
366.2499990753	-75.96230673623
366.4999990747	-75.94768817608
366.749999074	-76.04286887429
366.9999990734	-76.01341834435
367.2499990728	-76.09643469324
367.4999990722	-76.060688579
367.7499990715	-76.12663215691
367.9999990709	-76.07946862708
368.2499990703	-76.13708922913
368.4999990696	-76.07253281387
368.749999069	-76.11276053049
368.9999990684	-76.03582635626
369.2499990677	-76.07306633796
369.4999990671	-75.9913304469
369.7499990665	-76.03529283217
369.9999990658	-75.94918204354
370.2499990652	-75.99090362762
370.4999990646	-75.89711009206
370.7499990639	-75.93104222438
370.9999990633	-75.84482473093
371.2499990627	-75.88206471263
371.4999990621	-75.79862154447
371.7499990614	-75.83906267073
371.9999990608	-75.75999440013
372.2499990602	-75.8148406769
372.4999990595	-75.74366856288
372.7499990589	-75.79990200229
372.9999990583	-75.72755613527
373.2499990576	-75.79232596017
373.499999057	-75.71155041248
373.7499990564	-75.76532964106
373.9999990557	-75.6870083042
374.2499990551	-75.74473561107
374.4999990545	-75.66396006337
374.7499990538	-75.72211418952
374.9999990532	-75.64816775022
375.2499990526	-75.72168737025
375.499999052	-75.6572376598
375.7499990513	-75.73161091838
375.9999990507	-75.66897518985
376.2499990501	-75.75231165319
376.4999990494	-75.69138320176
376.7499990488	-75.77866774339
376.9999990482	-75.72584885817
377.2499990475	-75.81750829737
377.4999990469	-75.76042121941
377.7499990463	-75.86168409227
377.9999990456	-75.81420044799
378.249999045	-75.91279570039
378.4999990444	-75.86168409227
378.7499990437	-75.95323682665
378.9999990431	-75.89518940532
379.2499990425	-75.98396781441
379.4999990419	-75.92101197143
379.7499990412	-75.99623886855
379.9999990406	-75.93360314002
380.24999904	-75.99997353721
380.4999990393	-75.93029529065
380.7499990387	-76.00765628415
380.9999990381	-75.95152954955
381.2499990374	-76.03422578398
381.4999990368	-75.98748907343
381.7499990362	-76.07071883195
381.9999990355	-76.02440894067
382.2499990349	-76.09654139806
382.4999990343	-76.04969798268
382.7499990336	-76.11425439795
382.999999033	-76.06303608501
383.2499990324	-76.1179890666
383.4999990318	-76.06452995247
383.7499990311	-76.11948293406
383.9999990305	-76.06943837413
384.2499990299	-76.12599192799
384.4999990292	-76.08960558484
384.7499990286	-76.14306469897
384.999999028	-76.11158677748
385.2499990273	-76.16035087959
385.4999990267	-76.12737909064
385.7499990261	-76.1655794157
385.9999990254	-76.12737909064
386.2499990248	-76.16323190969
386.4999990242	-76.12673886172
386.7499990236	-76.15096085555
386.9999990229	-76.11030631966
387.2499990223	-76.12321760271
387.4999990217	-76.08298988609
387.749999021	-76.08779160293
387.9999990204	-76.05513992843
388.2499990198	-76.06549029584
388.4999990191	-76.04382921766
388.7499990185	-76.05140525978
388.9999990179	-76.03956102491
389.2499990172	-76.05876789226
389.4999990166	-76.07626748252
389.749999016	-76.10059618116
389.9999990153	-76.1237511268
390.2499990147	-76.14210435561
390.4999990141	-76.16483248197
390.7499990135	-76.17272863855
390.9999990128	-76.1919355059
391.2499990122	-76.18713378906
391.4999990116	-76.19182880108
391.7499990109	-76.16547271088
391.9999990103	-76.15971065068
392.2499990097	-76.11980304851
392.499999009	-76.12503158463
392.7499990084	-76.09291343422
392.9999990078	-76.12054998224
393.2499990071	-76.0962212836
393.4999990065	-76.1375160484
393.7499990059	-76.12247066898
393.9999990052	-76.17614319274
394.2499990046	-76.16259168078
394.499999004	-76.21391669854
394.7499990034	-76.18211866259
394.9999990027	-76.22864196351
395.2499990021	-76.19417630709
395.4999990015	-76.24251358993
395.7499990008	-76.20591383714
395.9999990002	-76.26460148738
396.2499989996	-76.22138603584
396.4999989989	-76.27975357162
396.7499989983	-76.24283370438
396.9999989977	-76.30952421602
397.249998997	-76.26172045728
397.4999989964	-76.32435618581
397.7499989958	-76.26662887893
397.9999989951	-76.33193222793
398.2499989945	-76.28498210774
398.4999989939	-76.3558341073
398.7499989933	-76.30867057747
398.9999989926	-76.38379076978
399.249998992	-76.32542323399
399.4999989914	-76.39510148055
399.7499989907	-76.33908145078
399.9999989901	-76.41206754671
400.2499989895	-76.34430998689
400.4999989888	-76.4068390106
400.7499989882	-76.33566689658
400.9999989876	-76.40107695039
401.2499989869	-76.33833451705
401.4999989863	-76.40843958288
401.7499989857	-76.33758758332
401.999998985	-76.3971288721
402.2499989844	-76.31976787861
402.4999989838	-76.37994939631
402.7499989832	-76.30877728229
402.9999989825	-76.37162642045
403.2499989819	-76.30568284255
403.4999989813	-76.36821186626
403.7499989806	-76.31037785457
403.99999898	-76.38154996859
404.2499989794	-76.32723721591
404.4999989787	-76.40161047449
404.7499989781	-76.35263296274
404.9999989775	-76.41953688401
405.2499989768	-76.37055937227
405.4999989762	-76.43298169116
405.7499989756	-76.38613827579
405.9999989749	-76.44685331758
406.2499989743	-76.4068390106
406.4999989737	-76.46381938374
406.7499989731	-76.42551235386
406.9999989724	-76.48259943182
407.2499989718	-76.44663990794
407.4999989712	-76.49444366668
407.7499989705	-76.46403279338
407.9999989699	-76.50863540756
408.2499989693	-76.48067874508
408.4999989686	-76.51450417259
408.749998968	-76.4842000041
408.9999989674	-76.51269019067
409.2499989667	-76.48494693783
409.4999989661	-76.51087620875
409.7499989655	-76.48718773902
409.9999989649	-76.5117298473
410.2499989642	-76.50330016663
410.4999989636	-76.52922943755
410.749998963	-76.52901602792
410.9999989623	-76.55227767838
411.2499989617	-76.55505200366
411.4999989611	-76.56977726863
411.7499989604	-76.58098127458
411.9999989598	-76.59133164199
412.2499989592	-76.60328258168
412.4999989585	-76.60808429851
412.7499989579	-76.62184922012
412.9999989573	-76.62110228639
413.2499989566	-76.63444038871
413.499998956	-76.62483695504
413.7499989554	-76.63582755135
413.9999989548	-76.61363294908
414.2499989541	-76.61971512374
414.4999989535	-76.58396900951
414.7499989529	-76.59335903354
414.9999989522	-76.55281120247
415.2499989516	-76.57308511801
415.499998951	-76.53936639532
415.7499989503	-76.56988397345
415.9999989497	-76.54310106398
416.2499989491	-76.58034104567
416.4999989484	-76.54512845553
416.7499989478	-76.58268855168
416.9999989472	-76.54800948563
417.2499989465	-76.59431937691
417.4999989459	-76.5535581362
417.7499989453	-76.60765747924
417.9999989447	-76.57052420236
418.249998944	-76.6275045755
418.4999989434	-76.59357244318
418.7499989428	-76.65620817171
418.9999989421	-76.6229162683
419.2499989415	-76.68811291248
419.4999989409	-76.63956222001
419.7499989402	-76.69174087631
419.9999989396	-76.62974537669
420.249998939	-76.67797595471
420.4999989383	-76.60904464188
420.7499989377	-76.66154341264
420.9999989371	-76.59816075038
421.2499989364	-76.65428748498
421.4999989358	-76.59805404556
421.7499989352	-76.66623842466
421.9999989346	-76.61886148519
422.2499989339	-76.69600906906
422.4999989333	-76.64745837658
422.7499989327	-76.72471266526
422.999998932	-76.67157366559
423.2499989314	-76.74562680971
423.4999989308	-76.69270121968
423.7499989301	-76.77838518903
423.9999989295	-76.73143506884
424.2499989289	-76.81221061653
424.4999989282	-76.76003196023
424.7499989276	-76.84038068865
424.999998927	-76.78745509861
425.2499989263	-76.86695018848
425.4999989257	-76.80047308648
425.7499989251	-76.8716452005
425.9999989245	-76.80420775514
426.2499989238	-76.87015133304
426.4999989232	-76.79364397809
426.7499989226	-76.86609654993
426.9999989219	-76.79663171301
427.2499989213	-76.86438927284
427.4999989207	-76.79375068291
427.74999892	-76.86502950175
427.9999989194	-76.79535125519
428.2499989188	-76.86780382703
428.4999989181	-76.7914031769
428.7499989175	-76.86300211019
428.9999989169	-76.7805192854
429.2499989162	-76.84720979704
429.4999989156	-76.77091585173
429.749998915	-76.84219467056
429.9999989144	-76.75576376748
430.2499989137	-76.82192075503
430.4999989131	-76.74477317116
430.7499989125	-76.82021347793
430.9999989118	-76.73805076759
431.2499989112	-76.80804912861
431.4999989106	-76.73548985194
431.7499989099	-76.81743915264
431.9999989093	-76.7300479062
432.2499989087	-76.80463457441
432.499998908	-76.73602337604
432.7499989074	-76.82362803212
432.9999989068	-76.75373637593
433.2499989061	-76.84166114647
433.4999989055	-76.77187619509
433.7499989049	-76.86118812828
433.9999989043	-76.77998576131
434.2499989036	-76.85286515243
434.499998903	-76.76824823126
434.7499989024	-76.84059409828
434.9999989017	-76.75341626147
435.2499989011	-76.82714929114
435.4999989005	-76.76173923733
435.7499988998	-76.85222492351
435.9999988992	-76.79855239975
436.2499988986	-76.90226948345
436.4999988979	-76.85179810424
436.7499988973	-76.95434143493
436.9999988967	-76.88818444739
437.249998896	-76.97184102519
437.4999988954	-77.04058560458
437.7499988948	-77.10524967739
437.9999988942	-77.21521714154
438.2499988935	-77.40956432415
438.4999988929	-78.67431640625
