0	39.73
1	38.68
2	245.64
3	-445.85
4	-125.77
5	-131.3
6	-135.67
7	-138.06
8	-139.69
9	-141.38
10	-141.78
11	-141.78
12	-141.95
13	-142.64
14	-142.28
15	-141.97
16	-141.47
17	-140.21
18	-138.96
19	-139.64
20	-140.34
21	-138.28
22	-136.97
23	-138.69
24	-139.74
25	-142.61
26	-142.63
27	-142.37
28	-142.02
29	-141.7
30	-141.51
31	-141.11
32	-140.75
33	-140.01
34	-139.55
35	-139.14
36	-138.93
37	-138.52
38	-138.06
39	-137.09
40	-136.52
41	-135.71
42	-134.28
43	-133.81
44	-133.45
45	-133.36
46	-132.96
47	-132.92
48	-132.94
49	-132.77
50	-132.42
51	-132.14
52	-131.75
53	-131.23
54	-136.1
55	-134.4
56	-133.48
57	-132.72
58	-131.87
59	-130.97
60	-130.14
61	-129.31
62	-128.65
63	-129.73
64	-134.84
65	-132.27
66	-131.1
67	-129.74
68	-129.49
69	-129.08
70	-128.38
71	-127.14
72	-126.17
73	-125.37
74	-124.81
75	-124.48
76	-124.15
77	-123.65
78	-123.23
79	-122.99
80	-122.9
81	-122.52
82	-120.37
83	-120.6
84	-121.53
85	-121.71
86	-122.51
87	-121.7
88	-121.11
89	-120.66
90	-120.3
91	-120.56
92	-120.51
93	-120.63
94	-120.97
95	-120.34
96	-119.73
97	-119.07
98	-118.79
99	-118.42
100	-118.12
101	-117.73
102	-117.46
103	-117.28
104	-117.16
105	-116.97
106	-116.77
107	-116.56
108	-116.21
109	-116
110	-115.8
111	-115.57
112	-115.64
113	-115.66
114	-115.43
115	-115.14
116	-114.89
117	-114.72
118	-114.56
119	-114.49
120	-114.71
121	-115.33
122	-115.85
123	-116.45
124	-116.19
125	-115.33
126	-114.82
127	-114.19
128	-113.75
129	-113.5
130	-113.05
131	-112.84
132	-112.59
133	-112.61
134	-113.03
135	-113.49
136	-113.62
137	-113.55
138	-113.18
139	-112.59
140	-112.23
141	-111.84
142	-111.5
143	-111.05
144	-110.81
145	-110.52
146	-110.4
147	-110.29
148	-110.08
149	-109.94
150	-109.64
151	-109.52
152	-109.31
153	-109.43
154	-109.1
155	-110.54
156	-123.56
157	-122.84
158	-123.29
159	-120.61
160	-117.72
161	-113.55
162	-110.55
163	-108.97
164	-107.85
165	-107.18
166	-105.89
167	-104.65
168	-102.69
169	-101.06
170	-100.53
171	-100.51
172	-99.6
173	-98.62
174	31.79
175	27.05
176	27.9
177	-7.09
178	-104.34
179	-132.82
180	-133.49
181	-133.98
182	-136.03
183	-136.71
184	-136.32
185	-136.98
186	-138.46
187	-139.55
188	-139.27
189	-138.38
190	-137.24
191	-136.68
192	-136.34
193	-135.67
194	-134.89
195	-133.73
196	-132.7
197	-131.18
198	-131.28
199	-132.03
200	-132.44
201	-134.58
202	-134.8
203	-134.85
204	-134.53
205	-134.06
206	-133.31
207	-133.31
208	-133.69
209	-134.04
210	-133.73
211	-132.28
212	-132.01
213	-132.07
214	-132.01
215	-132.86
216	-138.28
217	-136.82
218	-136.07
219	-136.04
220	-137.02
221	-137.98
222	-138.46
223	-138.95
224	-139.52
225	-139.91
226	-140.04
227	-139.79
228	-139.2
229	-138.86
230	-139.25
231	-139.29
232	-139.27
233	-139.27
234	-139.09
235	-139.63
236	-139.78
237	-140.04
238	-140.24
239	-140.56
240	-140.92
241	-141.3
242	-141.37
243	-140.71
244	-140.25
245	-139.94
246	-139.65
247	-138.6
248	-137.27
249	-136.42
250	-136.45
251	-137.34
252	-138.25
253	-138.42
254	-138.7
255	-138.98
256	-138.97
257	-139.01
258	-139.08
259	-139.21
260	-139.41
261	-139.6
262	-139.98
263	-140.31
264	-140.79
265	-141.13
266	-141.52
267	-142.02
268	-142.43
269	-143.03
270	-142.87
271	-141.8
272	-141
273	-141.91
274	-141.43
275	-141.68
276	-142.7
277	-143.22
278	-142.73
279	-141.96
280	-141.61
281	-141.42
282	-141.45
283	-143.08
284	-142.85
285	-142.49
286	-142.16
287	-141.96
288	-141.68
289	-141.43
290	-141.54
291	-141.52
292	-143.69
293	-144.1
294	-143.83
295	-143.58
296	-143.22
297	-142.93
298	-142.88
299	-142.43
300	-142.28
301	-142.09
302	-141.77
303	-141.73
304	-141.88
305	-142.2
306	-141.97
307	-142.55
308	-143.59
309	-146.36
310	-146.27
311	-145.52
312	-144.82
313	-144.42
314	-144.58
315	-144.53
316	-144.45
317	-144.18
318	-143.77
319	-144.04
320	-143.89
321	-142.72
322	-142.61
323	-143.86
324	-146.64
325	-148.34
326	-149.85
327	-152.58
328	-148.82
329	-144.87
330	-142.94
331	-141.27
332	-139.62
333	-138.45
334	-137.74
335	-137.43
336	-137.47
337	-138.14
338	-139.14
339	-140.06
340	-140.72
341	-141.02
342	-140.66
343	-141.34
344	-141.41
345	-141.56
346	-142
347	-142.34
348	-142.51
349	-142.18
350	-141.9
351	-141.66
352	-141.43
353	-140.89
354	-140.7
355	-140.18
356	-139.44
357	-105.46
358	28.23
359	31.47
360	14.55
361	-190.43
362	-188.75
363	-187.83
364	-187.5
365	-186.61
366	-185.41
367	-184.69
368	-184.65
369	-185.23
370	-186.55
371	-187.06
372	-187.55
373	-187.77
374	-188.42
375	-188.97
376	-188.76
377	-189.38
378	-189.9
379	-189.27
380	-189.11
381	-188.85
382	-188.85
383	-188.47
384	-188.24
385	-188.51
386	-189.79
387	-190.06
388	-190.53
389	-191.72
390	-192.08
391	-191.25
392	-191.52
393	-191.97
394	-191.77
395	-191.93
396	-192.19
397	-192.37
398	-191.8
399	-191.67
400	-191.6
401	-191.52
402	-191.46
403	-191.58
404	-191.71
405	-191.72
406	-191.74
407	-191.8
408	-191.62
409	-191.72
410	-191.72
411	-191.64
412	-191.5
413	-196.64
414	-200.55
415	-197.12
416	-196.35
417	-194.65
418	-195.58
419	-194.44
420	-192.84
421	-191.89
422	-191.2
423	-190.67
424	-190.15
425	-189.6
426	-189.4
427	-190.15
428	-189.59
429	-191.44
430	-191.07
431	-191.7
432	-190.9
433	-194.46
434	-194.77
435	-193.78
436	-193.02
437	-194.47
438	-197.46
439	-191.97
440	-188.57
441	-187.42
442	-188.76
443	-188.94
444	-189.57
445	-190.61
446	-191.01
447	-189.78
448	-189.91
449	-190.35
450	-189.85
451	-189.88
452	-190.93
453	-192.18
454	-191.61
455	-190.92
456	-190.41
457	-189.76
458	-189.21
459	-189.83
460	-194.04
461	-193.19
462	-192.05
463	-192.81
464	-193.13
465	-193.46
466	-192.66
467	-191.89
468	-191.59
469	-191.44
470	-191.13
471	-190.9
472	-190.68
473	-190.38
474	-190.2
475	-189.93
476	-189.5
477	-189.06
478	-188.87
479	-188.62
480	-188.46
481	-188.57
482	-188.57
483	-188.56
484	-188.5
485	-192.53
486	-191.3
487	-209.57
488	-202.53
489	-200.75
490	-197.88
491	-191.7
492	-189.86
493	-192.31
494	-189.09
495	-187.42
496	-186.11
497	-185.46
498	-185.11
499	-186.32
500	-186.54
501	-183.77
502	-183.14
503	-180.24
504	-172.89
505	-177.61
506	-176.24
507	-177.21
508	-178.29
509	-179.85
510	-181.41
511	-182.07
512	-183.69
513	-185.96
514	-186.97
515	-189.99
516	-176.26
517	0.81
518	42.84
519	64.65
520	-248.73
521	-319.77
522	-153.84
523	-256.96
524	-366.71
525	-219.17
526	-216.1
527	-255.2
528	-216.04
529	-258.36
530	-333.42
531	-198.91
532	-57.27
533	-175.56
534	-264.5
535	-253.94
536	-242.41
537	-235.42
538	-229.34
539	-224.03
540	-222.08
541	-219.04
542	-214.18
543	-215.24
544	-211
545	-206.07
546	-204.99
547	-204.29
548	-205.34
549	-204.29
550	-204.23
551	-203.69
552	-204.02
553	-203.71
554	-204.71
555	-207.94
556	-212.83
557	-206.47
558	-203.54
559	-202.4
560	-202.54
561	-201.95
562	-201.82
563	-201.5
564	-202.53
565	-203.25
566	-202.72
567	-204.05
568	-202.81
569	-201.94
570	-201.56
571	-201.32
572	-201.6
573	-201.74
574	-201.82
575	-200.51
576	-200.76
577	-200.86
578	-202.36
579	-201.84
580	-202.45
581	-201.69
582	-202.38
583	-201.34
584	-205.38
585	-207.14
586	-208.77
587	-205.55
588	-202.72
589	-202.02
590	-201.27
591	-200.6
592	-199.36
593	-199.15
594	-200.04
595	-200.14
596	-201.59
597	-201.7
598	-200.54
599	-198.21
600	-198.77
601	-200.28
602	-203.09
603	-202.41
604	-201.15
605	-202.33
606	-201.92
607	-200.93
608	-200.24
609	-198.11
610	-198.32
611	-199.49
612	-202.05
613	-202.97
614	-202.07
615	-202.05
616	-201.12
617	-201.32
618	-201.44
619	-200.37
620	-200.3
621	-201.07
622	-201.75
623	-202.34
624	-202.81
625	-205.89
626	-205.92
627	-203.6
628	-203.49
629	-200.41
630	-200.95
631	-201.66
632	-200.97
633	-200.46
634	-201.13
635	-200.1
636	-201.52
637	-200.85
638	-200.92
639	-201.62
640	-201.93
641	-199.93
642	-201.2
643	-201.14
644	-200.82
645	-201.75
646	-200.65
647	-200.18
648	-200.41
649	-200.81
650	-201.46
651	-200.6
652	-200.73
653	-200.69
654	-199.93
655	-200.02
656	-200.25
657	-200.91
658	-201.69
659	-201.48
660	-201.67
661	-201.33
662	-201.69
663	-201.18
664	-200.91
665	-200.31
666	-200.31
667	-200.19
668	-200.79
669	-200.62
670	-200.06
671	-200.26
672	-201.11
673	-200.63
674	-200.07
675	-200.75
676	-200.64
677	-201.45
678	-202.64
679	-202.25
680	-202.18
681	-200.77
682	-199.71
683	-199.07
684	-199.82
685	-200.22
686	-200.12
687	-202.41
688	-202.46
689	-201.14
690	-197.01
691	-196.14
692	-197.34
693	-199.67
694	-201.72
695	-201.72
696	-199.97
697	-199.64
698	-197.4
699	-197.33
700	-200.3
701	-200.97
702	-201.41
703	-199.53
704	-201.76
705	-204.23
706	-200.9
707	-200.54
708	-198.96
709	-196.33
710	-198.53
711	-197.78
712	-198.09
713	-198.65
714	-197.64
715	-154.86
716	37.35
717	37.76
718	26.13
719	-234.04
720	-256.51
721	-265.4
722	-268.24
723	-270.98
724	-273.83
725	-276.62
726	-278.44
727	-279.9
728	-280.32
729	-281.05
730	-281.99
731	-283.04
732	-283.76
733	-284.85
734	-285.49
735	-286.45
736	-286.98
737	-287.05
738	-286.95
739	-286.67
740	-286.92
741	-287.04
742	-287.11
743	-287.4
744	-288.43
745	-289.01
746	-289.35
747	-289.49
748	-289.61
749	-289.68
750	-289.72
751	-289.75
752	-289.94
753	-290.06
754	-290.16
755	-290.19
756	-291.09
757	-291.06
758	-290.55
759	-290.27
760	-290.22
761	-290.2
762	-290.19
763	-290.26
764	-290.25
765	-290.32
766	-290.37
767	-290.39
768	-290.36
769	-290.41
770	-290.55
771	-290.6
772	-290.65
773	-290.56
774	-290.64
775	-290.68
776	-290.74
777	-290.78
778	-290.76
779	-290.85
780	-290.93
781	-290.93
782	-290.42
783	-290.39
784	-290.61
785	-290.99
786	-291.03
787	-291.07
788	-290.97
789	-291.07
790	-290.99
791	-290.99
792	-291.1
793	-290.93
794	-290.88
795	-290.87
796	-290.9
797	-291
798	-290.95
799	-291.13
800	-291.2
801	-291.22
802	-291.25
803	-291.2
804	-291.22
805	-291.28
806	-291.07
807	-290.96
808	-290.91
809	-291.08
810	-291.21
811	-291.23
812	-291.17
813	-291.18
814	-291.26
815	-291.18
816	-291.06
817	-291.06
818	-291.03
819	-290.98
820	-290.94
821	-290.93
822	-291.09
823	-291.04
824	-290.96
825	-291.02
826	-291.11
827	-291.08
828	-291.12
829	-291.26
830	-291.24
831	-292.83
832	-295.29
833	-294.33
834	-292.44
835	-291.85
836	-291.61
837	-291.18
838	-290.88
839	-290.72
840	-290.68
841	-290.61
842	-290.46
843	-290.52
844	-290.46
845	-290.56
846	-290.71
847	-290.53
848	-290.66
849	-290.78
850	-290.63
851	-290.67
852	-290.66
853	-291.04
854	-290.64
855	-290.58
856	-290.87
857	-291.46
858	-291.38
859	-289.49
860	-298.21
861	-302.55
862	-303.32
863	-296.49
864	-296.14
865	-288.1
866	-286.63
867	-286.3
868	-303.65
869	-312.97
870	-300.81
871	-290.83
872	-286.96
873	-284.65
874	-282.94
875	-283.61
876	-284.78
877	-285.54
878	-286.06
879	-286.23
880	-286.51
881	-286.72
882	-286.86
883	-287.49
884	-288.36
885	-289
886	-288.52
887	-287.46
888	-285.98
889	-284.1
890	-283.15
891	-281.95
892	-281.84
893	-282.19
894	-282.32
895	-281.91
896	-282.67
897	-273.78
898	-268.77
899	-359.21
900	-325
901	-331.19
902	-332.91
903	-333.82
904	-333.52
905	-333.1
906	-332.34
907	-333.24
908	-333.84
909	-334.07
910	-334.18
911	-334.31
912	-333.29
913	-333.5
914	-332.67
915	-333.44
916	-334.43
917	-334.13
918	-331.95
919	-332.56
920	-333.52
921	-333.97
922	-334.31
923	-335.51
924	-336.01
925	-336.37
926	-336.16
927	-336.06
928	-336.18
929	-336.1
930	-336.06
931	-336.58
932	-336.54
933	-336.16
934	-335.61
935	-346.96
936	-347.54
937	-340.86
938	-337.1
939	-335.55
940	-335.52
941	-335.36
942	-335.23
943	-335.15
944	-335.13
945	-335.15
946	-334.85
947	-333.79
948	-332.65
949	-334.04
950	-333.6
951	-332.98
952	-333.05
953	-332.91
954	-331.74
955	-330.22
956	-331.47
957	-331.99
958	-331.75
959	-331.49
960	-331.19
961	-331.08
962	-331.28
963	-331.89
964	-331.86
965	-332.97
966	-334.62
967	-336.79
968	-338.05
969	-337.65
970	-336.14
971	-335.64
972	-335.43
973	-335.41
974	-335.37
975	-335.34
976	-335.33
977	-335.39
978	-335.43
979	-335.49
980	-335.6
981	-336.09
982	-336.95
983	-336.73
984	-336.4
985	-337.01
986	-336.95
987	-336.29
988	-336.09
989	-335.78
990	-335.66
991	-335.63
992	-335.67
993	-335.71
994	-335.53
995	-335.4
996	-335.38
997	-335.5
998	-335.68
999	-335.77
1000	-335.74
1001	-335.82
1002	-335.8
1003	-335.87
1004	-335.85
1005	-335.91
1006	-335.91
1007	-335.92
1008	-335.86
1009	-335.92
1010	-335.89
1011	-335.94
1012	-335.97
1013	-335.99
1014	-335.99
1015	-335.88
1016	-335.86
1017	-335.82
1018	-335.99
1019	-336.03
1020	-335.97
1021	-335.91
1022	-335.91
1023	-335.9
1024	-335.9
1025	-335.96
1026	-335.96
1027	-335.97
1028	-335.91
1029	-335.96
1030	-335.96
1031	-335.92
1032	-335.92
1033	-335.97
1034	-336.11
1035	-336.68
1036	-336.41
1037	-335.98
1038	-335.91
1039	-336.21
1040	-336.48
1041	-336.2
1042	-336.07
1043	-336.02
1044	-336.07
1045	-336.1
1046	-336.13
1047	-336.09
1048	-336.08
1049	-336.02
1050	-335.97
1051	-336.03
1052	-336.66
1053	-337.61
1054	-336.3
1055	-337.46
1056	-336.17
1057	-336.16
1058	-334.74
1059	-334.51
1060	-334.03
1061	-334.49
1062	-334.3
1063	-331.39
1064	-328.66
1065	-325.4
1066	-323.16
1067	-320.34
1068	-337.66
1069	-376.29
1070	-348.86
1071	-334.5
1072	-356.49
1073	-394.62
1074	-359.88
1075	-311.47
1076	-358.83
1077	-435.86
1078	-318.83
1079	-286.55
1080	-110.67
1081	-385.74
1082	-370.6
1083	-366.39
1084	-364.98
1085	-363.62
1086	-362.87
1087	-361.68
1088	-360.71
1089	-360.9
1090	-360.79
1091	-359.26
1092	-358.93
1093	-358.63
1094	-358.04
1095	-356.96
1096	-355
1097	-355.02
1098	-354.28
1099	-353.11
1100	-352.39
1101	-350.88
1102	-352.38
1103	-351.38
1104	-350.4
1105	-350.53
1106	-350.99
1107	-350.39
1108	-350.16
1109	-350.01
1110	-351.14
1111	-351.77
1112	-350.14
1113	-349.62
1114	-349.16
1115	-348.87
1116	-349
1117	-348.2
1118	-348.7
1119	-348.96
1120	-349
1121	-349.38
1122	-350.1
1123	-349.09
1124	-349.75
1125	-350.73
1126	-349.4
1127	-348.66
1128	-349.19
1129	-348.2
1130	-347.62
1131	-347.86
1132	-348.23
1133	-350.63
1134	-351.49
1135	-348.95
1136	-348.99
1137	-349.39
1138	-348.86
1139	-348.42
1140	-348.21
1141	-348.4
1142	-348.78
1143	-348.62
1144	-348.49
1145	-348.65
1146	-348.71
1147	-348.7
1148	-348.5
1149	-348.74
1150	-348.88
1151	-348.84
1152	-348.93
1153	-349.02
1154	-349.03
1155	-349.17
1156	-349.04
1157	-349.34
1158	-349.16
1159	-349.11
1160	-349.13
1161	-349.55
1162	-349.73
1163	-349.35
1164	-349.79
1165	-349.87
1166	-349.55
1167	-349.66
1168	-351.76
1169	-352.62
1170	-351.57
1171	-350.43
1172	-349.22
1173	-349.28
1174	-349.76
1175	-350.04
1176	-349.15
1177	-349.09
1178	-348.86
1179	-348.72
1180	-348.73
1181	-348.73
1182	-348.78
1183	-348.8
1184	-348.92
1185	-349.06
1186	-348.97
1187	-349.09
1188	-348.96
1189	-349.01
1190	-349.05
1191	-349.62
1192	-349.2
1193	-349.17
1194	-349.18
1195	-349.24
1196	-349.27
1197	-349.27
1198	-349.47
1199	-349.29
1200	-350.04
1201	-349.53
1202	-349.45
1203	-349.5
1204	-349.5
1205	-350.59
1206	-350.26
1207	-349.85
1208	-349.8
1209	-349.58
1210	-349.54
1211	-349.29
1212	-349.72
1213	-349.78
1214	-349.66
1215	-349.49
1216	-349.55
1217	-348.67
1218	-348.69
1219	-347
1220	-344.76
1221	-345.85
1222	-347.11
1223	-347.85
1224	-348.11
1225	-347.84
1226	-348.26
1227	-348.55
1228	-349.13
1229	-348.97
1230	-349.34
1231	-349.61
1232	-349.04
1233	-349.11
1234	-349.18
1235	-349
1236	-349.12
1237	-348.95
1238	-348.96
1239	-348.94
1240	-348.98
1241	-348.94
1242	-348.78
1243	-348.74
1244	-348.42
1245	-347.93
1246	-348.34
1247	-348.47
1248	-348.56
1249	-348.5
1250	-348.48
1251	-348.35
1252	-348.44
1253	-348.59
1254	-348.42
1255	-348.49
1256	-348.62
1257	-348.89
1258	-370
1259	-126.93
1260	-134.8
1261	-363.45
1262	-373.75
1263	-375.46
1264	-376.4
1265	-376.59
1266	-376.51
1267	-376.93
1268	-377.66
1269	-378.23
1270	-378.64
1271	-379
1272	-378.79
1273	-378.76
1274	-379.12
1275	-379.5
1276	-379.32
1277	-378.15
1278	-378.05
1279	-378.23
1280	-378.45
1281	-378.61
1282	-380.41
1283	-381.39
1284	-381.82
1285	-382.17
1286	-382.06
1287	-381.41
1288	-381.11
1289	-381.17
1290	-381.5
1291	-381.51
1292	-381.69
1293	-381.41
1294	-381.6
1295	-383.41
1296	-381.71
1297	-382.31
1298	-381.8
1299	-381.84
1300	-381.83
1301	-382.66
1302	-382.86
1303	-382.21
1304	-382.17
1305	-381.82
1306	-381.81
1307	-382.55
1308	-381.95
1309	-381.13
1310	-380.72
1311	-380.98
1312	-381.08
1313	-381.32
1314	-381.33
1315	-381.32
1316	-381.29
1317	-381.51
1318	-381.79
1319	-381.48
1320	-381.43
1321	-381.5
1322	-381.56
1323	-381.55
1324	-381.5
1325	-381.46
1326	-381.46
1327	-381.56
1328	-380.77
1329	-379.44
1330	-379.44
1331	-379.3
1332	-379.37
1333	-379.42
1334	-379.46
1335	-380.23
1336	-381.46
1337	-382.3
1338	-381.47
1339	-382.07
1340	-380.77
1341	-380.74
1342	-380.63
1343	-380.86
1344	-386.9
1345	-403.2
1346	-425.98
1347	-397.85
1348	-382.08
1349	-378.06
1350	-377.04
1351	-377.11
1352	-377.41
1353	-377.04
1354	-377.36
1355	-379.46
1356	-378.71
1357	-378.32
1358	-378.32
1359	-378.55
1360	-378.71
1361	-379
1362	-379.04
1363	-379.01
1364	-379.68
1365	-379.81
1366	-379.61
1367	-379.25
1368	-379.58
1369	-379.03
1370	-379.26
1371	-379.47
1372	-379.62
1373	-379.7
1374	-379.72
1375	-379.99
1376	-380.22
1377	-379.99
1378	-379.94
1379	-380.26
1380	-379.94
1381	-380.1
1382	-380.15
1383	-380.15
1384	-379.98
1385	-380.03
1386	-380
1387	-380
1388	-379.93
1389	-380.02
1390	-380.96
1391	-381.53
1392	-382.3
1393	-380.54
1394	-380.68
1395	-381.16
1396	-381.36
1397	-381.93
1398	-382.23
1399	-383.88
1400	-391.9
1401	-379.27
1402	-377.47
1403	-377.04
1404	-376.99
1405	-376.77
1406	-376.58
1407	-377.87
1408	-378.27
1409	-377.96
1410	-378.42
1411	-378.48
1412	-377.93
1413	-377.78
1414	-377.61
1415	-379.34
1416	-379.82
1417	-379.92
1418	-379.87
1419	-379.94
1420	-380.16
1421	-380.18
1422	-381.85
1423	-387.18
1424	-380.33
1425	-380.23
1426	-379.78
1427	-379.69
1428	-379.75
1429	-379.78
1430	-380.29
1431	-380.68
1432	-381.19
1433	-381.03
1434	-380.97
1435	-380.77
1436	-381.03
1437	-379.18
1438	-367.87
1439	-224.42
1440	-291.03
1441	-382.05
1442	-383.24
1443	-383.6
1444	-383.48
1445	-383.48
1446	-383.66
1447	-383.56
1448	-383.93
1449	-383.69
1450	-383.56
1451	-382.33
1452	-383.68
1453	-383.75
1454	-383.95
1455	-384.33
1456	-385.6
1457	-386.17
1458	-390.99
1459	-388.64
1460	-385.33
1461	-384.58
1462	-384.55
1463	-385.01
1464	-385.41
1465	-385.73
1466	-385.51
1467	-385.08
1468	-385.76
1469	-386.86
1470	-385.11
1471	-385.19
1472	-385.58
1473	-385.53
1474	-385.12
1475	-384.82
1476	-384.9
1477	-385.72
1478	-385.75
1479	-385.18
1480	-384.71
1481	-385.06
1482	-385.22
1483	-384.63
1484	-384.55
1485	-384.52
1486	-385.2
1487	-387.84
1488	-387.01
1489	-386.99
1490	-386.78
1491	-386.81
1492	-387.01
1493	-387.09
1494	-385.33
1495	-385.94
1496	-387.57
1497	-387.99
1498	-387.97
1499	-387.99
1500	-388.21
1501	-389.17
1502	-387.51
1503	-385.73
1504	-386.73
1505	-387.46
1506	-385.76
1507	-385.38
1508	-385.13
1509	-386
1510	-386.99
1511	-386.94
1512	-387.18
1513	-387.18
1514	-388.22
1515	-386.56
1516	-387.11
1517	-387.13
1518	-387.21
1519	-387.14
1520	-387.08
1521	-387.26
1522	-387.24
1523	-387.55
1524	-387.33
1525	-387.48
1526	-387.12
1527	-387.13
1528	-387.27
1529	-387.18
1530	-387.22
1531	-387.26
1532	-387.14
1533	-387.47
1534	-387.23
1535	-394.51
1536	-388.38
1537	-387.79
1538	-386.51
1539	-386.54
1540	-386.79
1541	-386.19
1542	-386.99
1543	-387.21
1544	-386.57
1545	-387.03
1546	-386.02
1547	-386.5
1548	-386.45
1549	-386.74
1550	-387.73
1551	-387.7
1552	-387.29
1553	-387.33
1554	-386.77
1555	-387.06
1556	-386.39
1557	-386.4
1558	-386.54
1559	-386.95
1560	-386.66
1561	-386.67
1562	-386.83
1563	-386.68
1564	-386.79
1565	-386.7
1566	-386.59
1567	-386.86
1568	-386.74
1569	-386.85
1570	-386.81
1571	-386.94
1572	-387.01
1573	-386.94
1574	-386.81
1575	-386.94
1576	-386.87
1577	-386.86
1578	-386.84
1579	-386.89
1580	-387.26
1581	-387.15
1582	-387.09
1583	-387.03
1584	-386.78
1585	-387.08
1586	-387.05
1587	-386.97
1588	-387.12
1589	-387
1590	-386.9
1591	-386.93
1592	-387.13
1593	-387.73
1594	-385.66
1595	-384.59
1596	-384.34
1597	-384.15
1598	-383.61
1599	-383.38
1600	-384.7
1601	-386.15
1602	-385.51
1603	-385.11
1604	-385.06
1605	-385.55
1606	-385.38
1607	-386.77
1608	-386.02
1609	-386.1
1610	-386.24
1611	-386.97
1612	-386.3
1613	-385.59
1614	-385.4
1615	-385.45
1616	-385.85
1617	-384.45
1618	-319.19
1619	19.33
1620	-8.37
1621	-373.09
1622	-379.49
1623	-380.9
1624	-381.34
1625	-381.3
1626	-381.35
1627	-381.25
1628	-381.08
1629	-380.76
1630	-380.9
1631	-380.81
1632	-380.85
1633	-380.7
1634	-379.63
1635	-379.87
1636	-380.12
1637	-379.28
1638	-378.58
1639	-378.98
1640	-379.06
1641	-379.24
1642	-379.5
1643	-379.54
1644	-379.56
1645	-379.33
1646	-379.15
1647	-380.51
1648	-381.51
1649	-381.29
1650	-381.42
1651	-381.38
1652	-381.27
1653	-381.91
1654	-381.8
1655	-382.14
1656	-381.38
1657	-383.44
1658	-382.52
1659	-380.65
1660	-379.23
1661	-379.28
1662	-378.88
1663	-378.85
1664	-380.28
1665	-381.24
1666	-381
1667	-381
1668	-381.34
1669	-381.45
1670	-381.38
1671	-381.1
1672	-381.04
1673	-380.88
1674	-380.95
1675	-381.18
1676	-381.75
1677	-380.88
1678	-381.11
1679	-381.18
1680	-380.93
1681	-380.76
1682	-380.82
1683	-380.51
1684	-380.63
1685	-380.47
1686	-378.99
1687	-379.08
1688	-380.95
1689	-381.56
1690	-380.99
1691	-381.09
1692	-380.9
1693	-381
1694	-380.96
1695	-380.84
1696	-380.87
1697	-381.06
1698	-381.02
1699	-381.16
1700	-380.39
1701	-380.14
1702	-380.27
1703	-380.26
1704	-380.7
1705	-380.3
1706	-377.49
1707	-377.12
1708	-377.25
1709	-377.45
1710	-377.25
1711	-377.2
1712	-377.04
1713	-377.11
1714	-376.82
1715	-376.99
1716	-377.19
1717	-377.14
1718	-377.01
1719	-377.04
1720	-378.15
1721	-380.4
1722	-380.54
1723	-380.92
1724	-381.19
1725	-380.28
1726	-380.83
1727	-380.34
1728	-380.76
1729	-380.33
1730	-380.53
1731	-380.46
1732	-380.24
1733	-380.58
1734	-380.41
1735	-381.39
1736	-381.86
1737	-381.82
1738	-380.73
1739	-381.17
1740	-380.53
1741	-380.4
1742	-380.25
1743	-380.15
1744	-382.51
1745	-380.71
1746	-380.08
1747	-379.97
1748	-380
1749	-379.91
1750	-379.75
1751	-379.78
1752	-379.79
1753	-379.9
1754	-380.25
1755	-380.28
1756	-379.99
1757	-379.93
1758	-379.74
1759	-379.79
1760	-380.07
1761	-380.03
1762	-380
1763	-379.99
1764	-380.06
1765	-379.94
1766	-380.04
1767	-380.05
1768	-380.02
1769	-380.07
1770	-378.43
1771	-376.77
1772	-377.45
1773	-378.08
1774	-380.23
1775	-382.76
1776	-382.03
1777	-383.42
1778	-383.59
1779	-381.67
1780	-381.91
1781	-382.77
1782	-381.64
1783	-381.06
1784	-381.32
1785	-382.04
1786	-386.65
1787	-383.18
1788	-381.59
1789	-381.69
1790	-382.87
1791	-379
1792	-377.59
1793	-376.23
1794	-375.74
1795	-375.78
1796	-375.48
1797	-375.67
1798	-373.25
1799	-364.75
1800	-172.7
1801	-59.37
1802	-339.88
1803	-348.68
1804	-349.82
1805	-349.26
1806	-349.32
1807	-349.92
1808	-350.68
1809	-349.82
1810	-349.6
1811	-349.77
1812	-350.4
1813	-350.1
1814	-349.97
1815	-350.15
1816	-350.88
1817	-350.47
1818	-348.92
1819	-350.39
1820	-351.33
1821	-351.65
1822	-351.74
1823	-351.89
1824	-352.13
1825	-352.01
1826	-352.01
1827	-352.09
1828	-351.75
1829	-351.79
1830	-351.95
1831	-352.19
1832	-354.32
1833	-353.48
1834	-350.47
1835	-350.42
1836	-352.94
1837	-354.55
1838	-352.11
1839	-350.82
1840	-350.98
1841	-350.2
1842	-351.1
1843	-350.78
1844	-350.93
1845	-350.91
1846	-350.81
1847	-350.64
1848	-350.86
1849	-350.86
1850	-350.97
1851	-351.08
1852	-351.73
1853	-353.22
1854	-351.37
1855	-351.01
1856	-350.84
1857	-350.63
1858	-350.51
1859	-350.66
1860	-350.68
1861	-351.43
1862	-351.51
1863	-350.98
1864	-350.86
1865	-350.88
1866	-350.74
1867	-350.89
1868	-350.94
1869	-350.65
1870	-350.68
1871	-350.93
1872	-351
1873	-351.35
1874	-351.36
1875	-351.21
1876	-351.37
1877	-351.37
1878	-351.18
1879	-351.23
1880	-351.16
1881	-351.21
1882	-351.17
1883	-350.89
1884	-350.8
1885	-351.06
1886	-351.1
1887	-351.16
1888	-351.05
1889	-350.82
1890	-351.03
1891	-350.86
1892	-351.15
1893	-351.18
1894	-351.24
1895	-351.28
1896	-351.18
1897	-351.06
1898	-350.71
1899	-350.93
1900	-351.03
1901	-350.77
1902	-350.76
1903	-350.98
1904	-350.81
1905	-350.91
1906	-350.91
1907	-350.9
1908	-350.65
1909	-350.8
1910	-350.83
1911	-350.86
1912	-350.76
1913	-350.87
1914	-351.04
1915	-350.86
1916	-350.81
1917	-351.04
1918	-351.08
1919	-350.8
1920	-350.96
1921	-351
1922	-350.86
1923	-350.95
1924	-350.86
1925	-350.68
1926	-350.55
1927	-350.7
1928	-350.87
1929	-350.73
1930	-350.57
1931	-350.8
1932	-350.75
1933	-350.53
1934	-350.59
1935	-350.78
1936	-350.67
1937	-350.74
1938	-350.57
1939	-350.74
1940	-350.71
1941	-350.53
1942	-350.62
1943	-350.72
1944	-350.9
1945	-351.36
1946	-351.7
1947	-351.44
1948	-350.9
1949	-350.63
1950	-351.32
1951	-349.17
1952	-347.93
1953	-348.27
1954	-348.25
1955	-347.47
1956	-347.24
1957	-347.39
1958	-348.24
1959	-347
1960	-342.57
1961	-321.55
1962	-305.26
1963	-301.25
1964	-203.62
1965	-663.02
1966	-307.07
1967	-405.58
1968	-373
1969	-358.89
1970	-348.33
1971	-316.3
1972	-287.23
1973	-246.66
1974	-213.87
1975	-127.82
1976	-342.65
1977	-344.98
1978	-349.41
1979	-349.97
1980	-350.1
1981	-350.54
1982	-350.64
1983	-350.49
1984	-349.88
1985	-356.33
1986	-356.96
1987	-354.18
1988	-352.56
1989	-351.86
1990	-351.57
1991	-350.91
1992	-350.13
1993	-350.11
1994	-349.79
1995	-349.45
1996	-349.28
1997	-349.19
1998	-349.21
1999	-348.91
2000	-348.78
2001	-348.54
2002	-348.44
2003	-348.35
2004	-348.18
2005	-347.91
2006	-347.87
2007	-347.65
2008	-347.32
2009	-347.32
2010	-347.35
2011	-347.32
2012	-347.28
2013	-347.25
2014	-346.76
2015	-346.71
2016	-346.35
2017	-345.78
2018	-345.26
2019	-345.16
2020	-344.82
2021	-344.76
2022	-344.56
2023	-344.47
2024	-344.36
2025	-344.4
2026	-344.16
2027	-343.92
2028	-344.53
2029	-345.29
2030	-345.45
2031	-345.58
2032	-345.75
2033	-345.65
2034	-346.04
2035	-345.15
2036	-345.05
2037	-345.07
2038	-345.06
2039	-345.07
2040	-345
2041	-344.93
2042	-344.88
2043	-344.83
2044	-344.8
2045	-344.78
2046	-344.77
2047	-344.7
2048	-344.69
2049	-344.7
2050	-344.68
2051	-344.58
2052	-344.55
2053	-344.59
2054	-344.56
2055	-344.55
2056	-344.48
2057	-344.46
2058	-344.44
2059	-344.42
2060	-344.34
2061	-344.31
2062	-344.28
2063	-344.22
2064	-344.2
2065	-344.21
2066	-344.19
2067	-344.16
2068	-344.13
2069	-344.07
2070	-344.05
2071	-344.01
2072	-344.01
2073	-343.99
2074	-343.94
2075	-344.02
2076	-343.97
2077	-343.95
2078	-343.85
2079	-343.89
2080	-343.94
2081	-343.78
2082	-343.78
2083	-343.77
2084	-343.73
2085	-343.71
2086	-343.76
2087	-343.73
2088	-343.71
2089	-343.68
2090	-343.66
2091	-343.64
2092	-343.58
2093	-343.59
2094	-343.63
2095	-343.58
2096	-343.63
2097	-343.82
2098	-343.47
2099	-343.47
2100	-343.52
2101	-343.54
2102	-343.5
2103	-343.47
2104	-343.53
2105	-343.47
2106	-343.45
2107	-343.45
2108	-343.46
2109	-343.42
2110	-343.35
2111	-343.35
2112	-343.26
2113	-343.38
2114	-343.43
2115	-343.41
2116	-343.33
2117	-343.32
2118	-343.32
2119	-343.21
2120	-343.19
2121	-343.36
2122	-343.18
2123	-342.03
2124	-342.67
2125	-342.44
2126	-340.73
2127	-340.62
2128	-340.95
2129	-341.66
2130	-341.68
2131	-342.12
2132	-342.45
2133	-342.6
2134	-342.67
2135	-342.6
2136	-342.5
2137	-342.91
2138	-343.34
2139	-345.3
2140	-348.53
2141	-346.1
2142	-344.7
2143	-353.39
2144	-354.03
2145	-352.31
2146	-359.49
2147	-357.34
2148	-352.56
2149	-350.33
2150	-349.31
2151	-348.45
2152	-356.49
2153	-353.97
2154	-350.83
2155	-349.32
2156	-348.49
2157	-348.88
2158	-268.88
2159	27.86
2160	-66.05
2161	-299.79
2162	-304.96
2163	-306.56
2164	-307.52
2165	-307.84
2166	-307.88
2167	-307.86
2168	-307.86
2169	-307.69
2170	-307.42
2171	-307.34
2172	-307
2173	-306.97
2174	-306.73
2175	-306.52
2176	-306.58
2177	-305.94
2178	-305.96
2179	-306.19
2180	-306.06
2181	-305.84
2182	-305.67
2183	-305.27
2184	-305.16
2185	-305.16
2186	-305.32
2187	-305.36
2188	-305.3
2189	-305.16
2190	-305.07
2191	-305
2192	-304.93
2193	-304.86
2194	-304.78
2195	-306.28
2196	-304.56
2197	-304.24
2198	-304.26
2199	-304.17
2200	-304.01
2201	-303.98
2202	-304.13
2203	-304.36
2204	-304.83
2205	-303.72
2206	-305.76
2207	-308.03
2208	-303.78
2209	-302.81
2210	-302.95
2211	-302.13
2212	-302.38
2213	-302.58
2214	-302.52
2215	-302.66
2216	-302.78
2217	-302.84
2218	-302.87
2219	-302.87
2220	-302.49
2221	-302.46
2222	-302.46
2223	-302.49
2224	-302.6
2225	-302.66
2226	-302.47
2227	-302.43
2228	-302.38
2229	-302.38
2230	-302.21
2231	-302.17
2232	-302.05
2233	-302.05
2234	-302.23
2235	-302.11
2236	-302.15
2237	-302
2238	-301.98
2239	-301.87
2240	-306.3
2241	-302.34
2242	-301.4
2243	-301.34
2244	-301.24
2245	-301.24
2246	-301.14
2247	-301.31
2248	-301.68
2249	-301.67
2250	-302.53
2251	-301.88
2252	-301.49
2253	-301.22
2254	-301.12
2255	-301.21
2256	-301.33
2257	-301.36
2258	-301.28
2259	-301.04
2260	-301.13
2261	-301.14
2262	-301.17
2263	-301.15
2264	-300.95
2265	-300.83
2266	-300.9
2267	-301.02
2268	-301.08
2269	-301.14
2270	-301.18
2271	-301.04
2272	-300.97
2273	-300.97
2274	-300.76
2275	-300.96
2276	-300.66
2277	-300.38
2278	-300.66
2279	-301.05
2280	-301.6
2281	-301.01
2282	-300.99
2283	-300.81
2284	-300.85
2285	-300.9
2286	-300.53
2287	-300.21
2288	-300.64
2289	-300.53
2290	-300.18
2291	-300.43
2292	-299.12
2293	-299.62
2294	-300.52
2295	-299.9
2296	-300.75
2297	-299.54
2298	-299.08
2299	-300.26
2300	-300.05
2301	-299.1
2302	-299.18
2303	-299.03
2304	-298.91
2305	-298.95
2306	-298.88
2307	-299.08
2308	-299.4
2309	-299.79
2310	-299.4
2311	-298.84
2312	-298.59
2313	-298.56
2314	-298.41
2315	-298.09
2316	-298.7
2317	-299.71
2318	-297.53
2319	-297.7
2320	-298.2
2321	-299.02
2322	-299.51
2323	-299.85
2324	-299.62
2325	-299.49
2326	-299.5
2327	-299.45
2328	-299.46
2329	-299.12
2330	-298.84
2331	-298.97
2332	-299.08
2333	-299.21
2334	-299.15
2335	-299.07
2336	-298.98
2337	-299.1
2338	-299.94
2339	-127.55
2340	29.83
2341	-117.04
2342	-239.64
2343	-228.84
2344	-221.74
2345	-219.92
2346	-219.63
2347	-217.82
2348	-216.47
2349	-216.39
2350	-214.52
2351	-212.9
2352	-212.59
2353	-212.13
2354	-211.87
2355	-211.81
2356	-212.2
2357	-211.81
2358	-211.72
2359	-211.46
2360	-211.61
2361	-212.38
2362	-212.21
2363	-211.63
2364	-211.42
2365	-211.61
2366	-212.04
2367	-210.09
2368	-210.66
2369	-210.99
2370	-210.97
2371	-211.18
2372	-211.56
2373	-210.46
2374	-210.73
2375	-211.06
2376	-210.99
2377	-211.01
2378	-210.73
2379	-209.99
2380	-209.65
2381	-210.96
2382	-210.9
2383	-210.43
2384	-209.97
2385	-209.9
2386	-213.46
2387	-211.12
2388	-210.54
2389	-209.17
2390	-209.31
2391	-208.38
2392	-210.06
2393	-209.94
2394	-210.24
2395	-209.79
2396	-209.73
2397	-209.84
2398	-210.4
2399	-210.53
2400	-210.22
2401	-210.62
2402	-210.18
2403	-210.6
2404	-210.14
2405	-209.18
2406	-209.57
2407	-209.88
2408	-210.26
2409	-210.54
2410	-210.19
2411	-210
2412	-210.17
2413	-210.57
2414	-210.14
2415	-210.54
2416	-210.64
2417	-210.34
2418	-210.54
2419	-210.27
2420	-210.35
2421	-210.03
2422	-210.31
2423	-210.14
2424	-210.05
2425	-210.42
2426	-210.43
2427	-210.31
2428	-209.51
2429	-209.93
2430	-210.4
2431	-209.93
2432	-209.65
2433	-209.75
2434	-209.7
2435	-210.22
2436	-209.9
2437	-209.65
2438	-210.09
2439	-210.25
2440	-210.25
2441	-210.32
2442	-210.45
2443	-209.9
2444	-209.84
2445	-209.76
2446	-209.88
2447	-209.16
2448	-209.79
2449	-210.46
2450	-210.59
2451	-209.9
2452	-210.5
2453	-210.43
2454	-209.87
2455	-210.07
2456	-209.85
2457	-210.27
2458	-209.95
2459	-210.18
2460	-209.58
2461	-209.48
2462	-209.5
2463	-209.23
2464	-209.74
2465	-210.07
2466	-209.95
2467	-209.65
2468	-209.88
2469	-209.35
2470	-209.75
2471	-209.23
2472	-210.22
2473	-209.49
2474	-209.86
2475	-209.83
2476	-209.78
2477	-210.02
2478	-209.6
2479	-210.14
2480	-209.79
2481	-209.84
2482	-209.85
2483	-209.33
2484	-210.04
2485	-210.11
2486	-210.21
2487	-210.69
2488	-209.29
2489	-207.66
2490	-207.45
2491	-208.39
2492	-211.58
2493	-207.99
2494	-205.26
2495	-204.02
2496	-203.83
2497	-204.21
2498	-204.65
2499	-205.54
2500	-201.18
2501	-190.33
2502	-185.22
2503	-39.21
2504	19.11
2505	28.92
2506	28.4
2507	-86.43
2508	-210.87
2509	-62.94
2510	20.76
2511	24.02
2512	28.73
2513	30.79
2514	31.33
2515	33.32
2516	-35.03
2517	-168.09
2518	-188.52
2519	-196.47
2520	-196.27
2521	-207.12
2522	-212.48
2523	-214.27
2524	-214.08
2525	-215.62
2526	-217.43
2527	-217.48
2528	-218.48
2529	-217.3
2530	-215.86
2531	-215.24
2532	-213.65
2533	-212.17
2534	-212.25
2535	-212.74
2536	-213.61
2537	-213.8
2538	-213.12
2539	-212.97
2540	-213.13
2541	-213.59
2542	-213.6
2543	-213.04
2544	-212.76
2545	-212.59
2546	-212.37
2547	-212.28
2548	-212.41
2549	-212.96
2550	-212.48
2551	-212.27
2552	-212.08
2553	-211.92
2554	-211.22
2555	-211.03
2556	-210.77
2557	-211.09
2558	-210.97
2559	-210.82
2560	-210.82
2561	-210.85
2562	-210.5
2563	-210.35
2564	-210.34
2565	-211.51
2566	-212.83
2567	-213.29
2568	-213.14
2569	-212.15
2570	-214.99
2571	-216.73
2572	-214.17
2573	-212.49
2574	-211.12
2575	-210.41
2576	-209.87
2577	-209.54
2578	-209.3
2579	-209.17
2580	-208.96
2581	-208.9
2582	-208.97
2583	-208.98
2584	-208.9
2585	-208.93
2586	-209.02
2587	-209.16
2588	-209.29
2589	-209.19
2590	-208.53
2591	-208.39
2592	-208.29
2593	-208.45
2594	-208.47
2595	-208.26
2596	-208.58
2597	-208.72
2598	-208.84
2599	-208.7
2600	-208.62
2601	-208.69
2602	-209.07
2603	-208.92
2604	-208.7
2605	-208.57
2606	-208.41
2607	-208.33
2608	-208.24
2609	-208.23
2610	-208.28
2611	-208.26
2612	-208.21
2613	-208.2
2614	-208.64
2615	-208.85
2616	-208.65
2617	-208.42
2618	-208.33
2619	-208.26
2620	-208.23
2621	-208.11
2622	-207.94
2623	-207.84
2624	-207.69
2625	-207.59
2626	-207.61
2627	-207.6
2628	-207.67
2629	-207.78
2630	-207.78
2631	-207.75
2632	-207.63
2633	-207.48
2634	-207.28
2635	-207.23
2636	-207.21
2637	-207.23
2638	-207.23
2639	-207.24
2640	-207.24
2641	-207.21
2642	-207.26
2643	-207.24
2644	-207.22
2645	-207.21
2646	-207.12
2647	-207.08
2648	-207.06
2649	-206.91
2650	-206.83
2651	-206.94
2652	-206.9
2653	-206.85
2654	-206.74
2655	-206.71
2656	-206.74
2657	-206.84
2658	-206.87
2659	-206.76
2660	-206.69
2661	-206.72
2662	-206.68
2663	-206.76
2664	-206.51
2665	-206.78
2666	-209.66
2667	-209.01
2668	-208.93
2669	-209.55
2670	-207.76
2671	-206.45
2672	-205.73
2673	-205.45
2674	-209.5
2675	-207.3
2676	-203.12
2677	-197.73
2678	-197.14
2679	-198.67
2680	-200.3
2681	-201.63
2682	-202.6
2683	-203.42
2684	-205.18
2685	-206.01
2686	-205.72
2687	-204.16
2688	-203.6
2689	-202.48
2690	-201.85
2691	-201.51
2692	-201.29
2693	-201.12
2694	-201.15
2695	-201.12
2696	-200.65
2697	-200.12
2698	-199.88
2699	-115.87
2700	27.92
2701	-7.68
2702	-156.09
2703	-161.96
2704	-164.95
2705	-166.43
2706	-167.21
2707	-167.07
2708	-164.47
2709	-164.11
2710	-163.38
2711	-163.78
2712	-164.9
2713	-166.47
2714	-167.47
2715	-167.77
2716	-167.48
2717	-165.59
2718	-166.92
2719	-167.8
2720	-169.63
2721	-169.25
2722	-168.6
2723	-166.39
2724	-166.38
2725	-165.53
2726	-166.23
2727	-168.91
2728	-173.23
2729	-174.13
2730	-173.66
2731	-173.21
2732	-173.49
2733	-173.54
2734	-172.38
2735	-171.73
2736	-171.11
2737	-170.57
2738	-170.32
2739	-170.05
2740	-169.75
2741	-169.79
2742	-170.48
2743	-175
2744	-176.46
2745	-176
2746	-174.89
2747	-173.63
2748	-172.46
2749	-171.73
2750	-171.23
2751	-170.39
2752	-169.93
2753	-169.61
2754	-169.28
2755	-168.76
2756	-168.67
2757	-168.68
2758	-168.51
2759	-168.43
2760	-168.55
2761	-168.44
2762	-168.4
2763	-168.44
2764	-168.41
2765	-168.36
2766	-168.21
2767	-168.26
2768	-168.24
2769	-168.09
2770	-168.1
2771	-167.88
2772	-167.72
2773	-167.9
2774	-168.1
2775	-167.75
2776	-167.62
2777	-167.44
2778	-167.46
2779	-167.52
2780	-167.56
2781	-167.64
2782	-167.88
2783	-167.92
2784	-167.71
2785	-167.46
2786	-167.34
2787	-167.14
2788	-167.27
2789	-167.18
2790	-167.23
2791	-167.41
2792	-167.41
2793	-167.59
2794	-167.64
2795	-167.34
2796	-167.31
2797	-166.94
2798	-166.66
2799	-166.61
2800	-166.59
2801	-166.37
2802	-166
2803	-165.9
2804	-165.81
2805	-165.59
2806	-165.51
2807	-165.17
2808	-164.85
2809	-164.6
2810	-164.43
2811	-164.34
2812	-164.22
2813	-164.22
2814	-164.21
2815	-164.2
2816	-163.95
2817	-163.82
2818	-163.55
2819	-164.46
2820	-165.39
2821	-166.09
2822	-166.78
2823	-167.18
2824	-167.21
2825	-165.8
2826	-166.82
2827	-167.96
2828	-168.36
2829	-168.31
2830	-168.18
2831	-168.79
2832	-170.11
2833	-170.88
2834	-170.95
2835	-171.13
2836	-171.06
2837	-170.96
2838	-171
2839	-171.05
2840	-171.07
2841	-171.19
2842	-171.2
2843	-171.21
2844	-171.25
2845	-171.34
2846	-171.41
2847	-171.41
2848	-171.55
2849	-171.57
2850	-171.66
2851	-171.72
2852	-171.73
2853	-171.78
2854	-171.73
2855	-171.67
2856	-171.67
2857	-171.67
2858	-171.64
2859	-171.66
2860	-171.51
2861	-169.9
2862	-166.07
2863	-164.54
2864	-164.59
2865	-162.49
2866	-162.28
2867	-163.11
2868	-164.15
2869	-164.47
2870	-164.65
2871	-164.77
2872	-164.02
2873	-168.32
2874	-168.56
2875	-166.31
2876	-167.15
2877	-166.1
2878	-163.8
2879	-220.12
2880	-245.65
2881	-76.01
2882	-133.16
2883	-155.25
2884	-129.2
2885	-129.71
2886	-128.71
2887	-128.54
2888	-129.4
2889	-130.51
2890	-132.26
2891	-132.97
2892	-132.83
2893	-130.43
2894	-130.28
2895	-130.22
2896	-130.56
2897	-131.8
2898	-133.27
2899	-133.4
2900	-133.32
2901	-133.5
2902	-133.16
2903	-134.22
2904	-134.25
2905	-136.99
2906	-135.28
2907	-134.07
2908	-132.76
2909	-132.58
2910	-134.19
2911	-135.94
2912	-136.54
2913	-136.67
2914	-135.09
2915	-134.32
2916	-133.54
2917	-132.82
2918	-132.31
2919	-132.07
2920	-131.73
2921	-131.8
2922	-131.7
2923	-131.72
2924	-131.85
2925	-132.09
2926	-132.38
2927	-132.39
2928	-132.22
2929	-132.22
2930	-132.42
2931	-132.48
2932	-132.57
2933	-132.46
2934	-132.66
2935	-132.85
2936	-132.67
2937	-132.74
2938	-132.74
2939	-132.72
2940	-132.83
2941	-132.71
2942	-132.88
2943	-132.98
2944	-132.93
2945	-133.21
2946	-133.45
2947	-133.33
2948	-133.3
2949	-134.66
2950	-134.63
2951	-134.79
2952	-134.2
2953	-134.35
2954	-134.45
2955	-133.83
2956	-134.25
2957	-133.61
2958	-133.07
2959	-132.59
2960	-132.78
2961	-132.5
2962	-132.31
2963	-132.14
2964	-132.02
2965	-132
2966	-131.94
2967	-131.93
2968	-131.75
2969	-131.66
2970	-131.53
2971	-131.61
2972	-131.66
2973	-131.73
2974	-131.79
2975	-131.69
2976	-132.09
2977	-132.18
2978	-132.15
2979	-132.02
2980	-131.77
2981	-131.61
2982	-131.57
2983	-131.65
2984	-131.7
2985	-131.62
2986	-131.79
2987	-131.78
2988	-131.9
2989	-132.02
2990	-131.83
2991	-131.92
2992	-132.39
2993	-132.19
2994	-131.79
2995	-131.62
2996	-131.31
2997	-131.17
2998	-131.08
2999	-131.24
3000	-131.1
3001	-130.93
3002	-130.9
3003	-130.86
3004	-130.89
3005	-130.88
3006	-130.98
3007	-131.29
3008	-131.39
3009	-131.13
3010	-131
3011	-130.89
3012	-130.91
3013	-130.94
3014	-130.9
3015	-130.66
3016	-130.76
3017	-130.65
3018	-130.65
3019	-130.64
3020	-130.62
3021	-130.44
3022	-130.32
3023	-130.25
3024	-130.29
3025	-130.37
3026	-130.21
3027	-130.21
3028	-130.11
3029	-130.03
3030	-130.08
3031	-130.22
3032	-130.37
3033	-130.88
3034	-130.69
3035	-130.5
3036	-130.64
3037	-130.39
3038	-130.19
3039	-130.07
3040	-129.87
3041	-130
3042	-129.93
3043	-129.83
3044	-129.83
3045	-129.75
3046	-129.58
3047	-129.64
3048	-129.6
3049	-129.49
3050	-129.42
3051	-129.34
3052	-129.55
3053	-129.66
3054	-130.07
3055	-130.91
3056	-131.24
3057	-131.01
3058	-130.51
3059	-130.32
3060	-130.22
