0	-337.14
1	-338.18
2	-330.75
3	-589.52
4	-221.81
5	-205.03
6	-195.09
7	-188.13
8	-182.99
9	-179.08
10	-175.89
11	-173.07
12	-170.92
13	-168.24
14	-165.72
15	-163.54
16	-160.9
17	-158.28
18	-156.53
19	-155.36
20	-154.18
21	-153.34
22	-152.88
23	-152.42
24	-150.46
25	-150.66
26	-147.59
27	-146.33
28	-145.29
29	-144.65
30	-144.06
31	-143.23
32	-142.49
33	-141.75
34	-140.96
35	-140.23
36	-139.65
37	-139.05
38	-138.51
39	-138.08
40	-137.81
41	-137.29
42	-136.98
43	-136.41
44	-136.05
45	-135.85
46	-135.2
47	-134.73
48	-134.2
49	-133.61
50	-133.06
51	-132.46
52	-131.97
53	-131.16
54	-133.69
55	-130.05
56	-129.55
57	-129.29
58	-128.74
59	-128.36
60	-128.2
61	-127.99
62	-127.77
63	-128.69
64	-129.88
65	-125.86
66	-125.71
67	-125.41
68	-125.5
69	-124.79
70	-124.35
71	-124.04
72	-123.95
73	-123.8
74	-123.52
75	-123.23
76	-122.87
77	-122.45
78	-122.2
79	-121.81
80	-121.75
81	-121.33
82	-120.85
83	-120.43
84	-120.62
85	-119.99
86	-120.09
87	-119.43
88	-119.29
89	-119.03
90	-118.75
91	-118.91
92	-118.33
93	-118.47
94	-118.18
95	-117.28
96	-116.95
97	-116.79
98	-116.59
99	-116.34
100	-116.03
101	-115.83
102	-115.66
103	-115.33
104	-115.27
105	-114.93
106	-114.8
107	-114.59
108	-114.5
109	-114.24
110	-114.16
111	-113.9
112	-113.65
113	-113.24
114	-113.17
115	-113
116	-112.77
117	-112.68
118	-112.42
119	-112.22
120	-112.25
121	-112.33
122	-112.21
123	-112.08
124	-111.34
125	-110.95
126	-110.86
127	-110.71
128	-110.61
129	-110.52
130	-110.5
131	-110.36
132	-110.21
133	-110.22
134	-110.33
135	-110.22
136	-109.98
137	-109.61
138	-109.36
139	-109.07
140	-108.81
141	-108.74
142	-108.76
143	-108.67
144	-108.66
145	-108.47
146	-108.28
147	-108.17
148	-107.94
149	-107.8
150	-107.63
151	-107.71
152	-107.61
153	-107.49
154	-107.11
155	-108.4
156	-115.11
157	-106.7
158	-106.36
159	-104.34
160	-104.28
161	-104.13
162	-104.22
163	-104.23
164	-104.36
165	-104.17
166	-103.97
167	-104.21
168	-104.45
169	-104.58
170	-104.48
171	-104.3
172	-104.22
173	-104.74
174	-117.19
175	-115.63
176	-125.22
177	-129.48
178	-162.75
179	-189.46
180	-181.5
181	-174.92
182	-169.37
183	-165.33
184	-162.25
185	-159.63
186	-157.64
187	-155.9
188	-154.37
189	-152.82
190	-151.47
191	-150.29
192	-149.36
193	-148.7
194	-148.13
195	-147.41
196	-146.59
197	-145.3
198	-143.97
199	-144.09
200	-144.28
201	-144.76
202	-144.1
203	-143.86
204	-143.87
205	-143.83
206	-143.86
207	-144.03
208	-143.97
209	-143.83
210	-143.67
211	-143.7
212	-143.71
213	-143.62
214	-143.51
215	-143.22
216	-142.55
217	-142.37
218	-142.1
219	-141.88
220	-141.59
221	-141.68
222	-141.44
223	-141.38
224	-141.55
225	-141.34
226	-141.01
227	-140.66
228	-139.89
229	-140.35
230	-140.42
231	-140.21
232	-140.26
233	-140.23
234	-140.31
235	-141.11
236	-140.5
237	-140.52
238	-140.56
239	-140.71
240	-140.57
241	-140.49
242	-140.06
243	-139.44
244	-139.5
245	-139.55
246	-139.67
247	-139.33
248	-139.47
249	-139.53
250	-139.51
251	-139.75
252	-140.25
253	-139.84
254	-139.98
255	-139.74
256	-139.54
257	-139.56
258	-139.6
259	-139.84
260	-139.77
261	-139.8
262	-139.76
263	-139.63
264	-139.63
265	-139.59
266	-139.36
267	-139.49
268	-139.35
269	-139.5
270	-138.8
271	-138.11
272	-138.36
273	-140.26
274	-138.65
275	-139.66
276	-140.08
277	-139.61
278	-139.08
279	-139.18
280	-139.42
281	-139.6
282	-139.97
283	-141.39
284	-140.08
285	-139.99
286	-140.21
287	-140.49
288	-140.55
289	-140.66
290	-140.66
291	-140.66
292	-142.2
293	-140.98
294	-140.18
295	-140.23
296	-140.22
297	-140.27
298	-140.26
299	-140.15
300	-140.43
301	-140.19
302	-140.1
303	-140.35
304	-140.37
305	-140.71
306	-141.15
307	-141.22
308	-141.79
309	-142.29
310	-140.96
311	-140.35
312	-140.25
313	-140.31
314	-140.82
315	-140.53
316	-140.69
317	-140.5
318	-140.38
319	-140.72
320	-140.45
321	-140.35
322	-140.85
323	-141.43
324	-143.04
325	-141.2
326	-142.65
327	-142.57
328	-137.48
329	-136.22
330	-137.55
331	-138.09
332	-139.38
333	-139.91
334	-140.07
335	-140.12
336	-139.96
337	-140
338	-139.88
339	-139.43
340	-138.77
341	-138.21
342	-138.05
343	-137.79
344	-137.25
345	-137.2
346	-136.83
347	-136.51
348	-136.16
349	-135.69
350	-135.11
351	-134.98
352	-134.86
353	-134.79
354	-134.94
355	-134.77
356	-134.88
357	-140.65
358	-148.12
359	-159.34
360	-130.17
361	-196.14
362	-195.95
363	-192.25
364	-188.94
365	-186.45
366	-184.62
367	-182.85
368	-181.56
369	-180.49
370	-179.45
371	-179.46
372	-179.22
373	-178.84
374	-178.49
375	-178.42
376	-178.16
377	-177.85
378	-177.59
379	-177.62
380	-177.75
381	-177.66
382	-177.88
383	-177.81
384	-177.82
385	-177.77
386	-177.7
387	-177.4
388	-177.48
389	-177.7
390	-176.74
391	-176.03
392	-176.36
393	-176.95
394	-176.22
395	-176
396	-176.78
397	-177.05
398	-174.97
399	-174.55
400	-174.72
401	-174.82
402	-174.85
403	-175.06
404	-175.07
405	-175.06
406	-175.02
407	-175.23
408	-174.55
409	-174.71
410	-174.69
411	-174.61
412	-174.45
413	-182.99
414	-180.82
415	-170.97
416	-172.34
417	-171.92
418	-174.18
419	-174.2
420	-172.39
421	-172.43
422	-172.45
423	-173.1
424	-172.9
425	-172.69
426	-173.4
427	-174.51
428	-172.68
429	-178.29
430	-176.68
431	-177.46
432	-172.57
433	-174.15
434	-170.44
435	-169.78
436	-170.39
437	-175.43
438	-178.52
439	-171.05
440	-169.58
441	-170.95
442	-173.48
443	-172.71
444	-174.52
445	-175.25
446	-175.54
447	-172.58
448	-173.62
449	-175.7
450	-174.15
451	-174.44
452	-176.44
453	-176.55
454	-174.04
455	-173.37
456	-173.49
457	-173.59
458	-173.61
459	-174.31
460	-178.01
461	-173.65
462	-172.14
463	-173.27
464	-173.62
465	-173.59
466	-172.32
467	-172.46
468	-172.91
469	-173.11
470	-172.98
471	-173.02
472	-172.95
473	-173
474	-172.73
475	-172.38
476	-173.18
477	-173.67
478	-173.95
479	-174.11
480	-174.25
481	-174.39
482	-174.49
483	-174.53
484	-174.58
485	-177.82
486	-173.85
487	-190.39
488	-172.84
489	-174.2
490	-172.62
491	-168.91
492	-172.22
493	-175.28
494	-172.21
495	-172.61
496	-172.79
497	-173.26
498	-173.69
499	-175
500	-174.81
501	-171.96
502	-173.11
503	-171.39
504	-173.6
505	-176.4
506	-174.62
507	-175.17
508	-175.23
509	-175.17
510	-175
511	-175.41
512	-175.21
513	-175.33
514	-175.12
515	-174.9
516	-178.69
517	-204.74
518	-198.6
519	-206.49
520	-236.58
521	-271.43
522	-220.23
523	-205.44
524	-213.48
525	-270.51
526	-274.82
527	-276.33
528	-279.8
529	-293.55
530	-291.03
531	-284.28
532	-280.34
533	-395.26
534	-309.66
535	-270.89
536	-245.46
537	-229.4
538	-217.17
539	-207.07
540	-201.24
541	-200.03
542	-198.61
543	-196.5
544	-194.45
545	-192.35
546	-191.03
547	-190.21
548	-189.61
549	-190.75
550	-190.31
551	-187.79
552	-186.7
553	-186.88
554	-185.24
555	-187.63
556	-191.34
557	-185.62
558	-185.87
559	-180.87
560	-184.49
561	-185.94
562	-185.58
563	-184.55
564	-184.32
565	-185.36
566	-185.61
567	-184.89
568	-183.66
569	-184.1
570	-184.16
571	-185.45
572	-186.05
573	-185
574	-184.21
575	-184.18
576	-184.58
577	-184.83
578	-183.81
579	-182.91
580	-183.59
581	-184.54
582	-184.29
583	-183.15
584	-187.4
585	-185.9
586	-182.47
587	-183.15
588	-182.91
589	-182.56
590	-183.86
591	-183.1
592	-183.14
593	-183.59
594	-183.42
595	-183.29
596	-182.71
597	-182.59
598	-183.47
599	-183.22
600	-182.11
601	-182.57
602	-182.53
603	-181.64
604	-182.17
605	-182.95
606	-182.09
607	-181.29
608	-182.69
609	-182.7
610	-183.39
611	-182.44
612	-182.97
613	-183.45
614	-182.79
615	-183.75
616	-183.14
617	-182.67
618	-181.09
619	-183.27
620	-183.59
621	-182.99
622	-182.71
623	-183.42
624	-186.38
625	-184.89
626	-182.67
627	-182.29
628	-182.73
629	-182.6
630	-183.44
631	-184.26
632	-185.1
633	-184.31
634	-183.63
635	-183.33
636	-181.87
637	-182.3
638	-182.97
639	-182.32
640	-182.38
641	-182.91
642	-182.47
643	-182.58
644	-181.82
645	-181.57
646	-182.29
647	-182.92
648	-183.39
649	-183.74
650	-182.78
651	-183.42
652	-183.3
653	-181.95
654	-181.45
655	-181.8
656	-182.45
657	-182.41
658	-182.58
659	-183.07
660	-182.47
661	-182.97
662	-183.21
663	-183.17
664	-182.29
665	-183.35
666	-183.24
667	-183.49
668	-182.24
669	-181.44
670	-181.3
671	-180.61
672	-180.8
673	-182.84
674	-183.72
675	-181.97
676	-182.53
677	-183.31
678	-182.52
679	-183.33
680	-183.52
681	-181.71
682	-181.24
683	-181.24
684	-181.73
685	-182.22
686	-181.87
687	-182.93
688	-180.53
689	-181.86
690	-182.03
691	-181
692	-181.77
693	-181.9
694	-181.84
695	-182.19
696	-182.54
697	-182.35
698	-182.62
699	-182.53
700	-182.53
701	-183.05
702	-182.75
703	-182.48
704	-181.07
705	-181.39
706	-182.73
707	-182.74
708	-182.25
709	-182.33
710	-181.51
711	-182
712	-182.09
713	-182.09
714	-181.95
715	-171.48
716	-174.3
717	-181.59
718	-190.73
719	-272.64
720	-268.26
721	-264.09
722	-262.46
723	-263.45
724	-264.57
725	-265.62
726	-266.46
727	-267.13
728	-267.85
729	-268.36
730	-268.78
731	-269.15
732	-269.49
733	-269.78
734	-269.89
735	-270.15
736	-270.34
737	-270.45
738	-270.54
739	-270.6
740	-270.79
741	-270.95
742	-271.04
743	-271.21
744	-271.66
745	-271.62
746	-271.63
747	-271.65
748	-271.68
749	-271.67
750	-271.65
751	-271.53
752	-271.56
753	-271.65
754	-271.92
755	-271.86
756	-272.55
757	-271.46
758	-271.57
759	-271.6
760	-271.74
761	-271.77
762	-271.83
763	-271.88
764	-271.88
765	-271.86
766	-271.92
767	-271.98
768	-272.01
769	-272.04
770	-272.08
771	-272.03
772	-271.96
773	-271.94
774	-271.98
775	-271.96
776	-271.91
777	-271.91
778	-271.99
779	-272.04
780	-272.07
781	-271.98
782	-271.57
783	-271.88
784	-272.2
785	-272.25
786	-272.02
787	-272.07
788	-272.11
789	-272.09
790	-272.02
791	-272.04
792	-272.02
793	-271.93
794	-271.92
795	-271.89
796	-271.75
797	-271.8
798	-271.82
799	-271.9
800	-271.87
801	-271.78
802	-271.8
803	-271.84
804	-271.94
805	-271.94
806	-271.95
807	-271.95
808	-271.84
809	-271.84
810	-271.75
811	-271.73
812	-271.8
813	-271.89
814	-271.96
815	-271.89
816	-271.78
817	-271.68
818	-271.65
819	-271.56
820	-271.52
821	-271.5
822	-271.55
823	-271.63
824	-271.6
825	-271.65
826	-271.66
827	-271.65
828	-271.58
829	-271.58
830	-271.56
831	-272.59
832	-272.65
833	-270.75
834	-270.69
835	-271.28
836	-271.14
837	-271.29
838	-271.25
839	-271.23
840	-271.33
841	-271.34
842	-271.35
843	-271.42
844	-271.44
845	-271.52
846	-271.53
847	-271.4
848	-271.42
849	-271.46
850	-271.37
851	-271.41
852	-271.36
853	-271.39
854	-270.8
855	-271.43
856	-271.8
857	-271.98
858	-271.05
859	-270.53
860	-276.36
861	-272.91
862	-269.65
863	-268.14
864	-271.11
865	-266.12
866	-270.8
867	-272.49
868	-285.39
869	-271.59
870	-267.19
871	-268.09
872	-269.51
873	-270.39
874	-271.15
875	-271.46
876	-271.36
877	-271.48
878	-271.19
879	-271.62
880	-271.55
881	-271.36
882	-271.25
883	-271.31
884	-271.22
885	-271.1
886	-271.26
887	-271.06
888	-271
889	-270.45
890	-270.59
891	-270.41
892	-270.63
893	-270.9
894	-270.82
895	-286.41
896	-313.09
897	-314.42
898	-314.94
899	-353.9
900	-348.34
901	-334.36
902	-327.23
903	-323.55
904	-321.6
905	-320.48
906	-319.72
907	-319.13
908	-318.58
909	-318.2
910	-317.9
911	-317.67
912	-317.45
913	-317.36
914	-317.24
915	-317.08
916	-316.85
917	-316.68
918	-316.77
919	-316.68
920	-316.51
921	-316.28
922	-316.3
923	-316.2
924	-316.13
925	-316.37
926	-315.65
927	-315.7
928	-315.84
929	-315.84
930	-315.74
931	-316.63
932	-316.28
933	-315.18
934	-315.6
935	-323.77
936	-314.04
937	-311.72
938	-313.55
939	-314.74
940	-315.66
941	-315.61
942	-315.62
943	-315.68
944	-315.77
945	-315.76
946	-315.18
947	-315.78
948	-315.45
949	-316.07
950	-315.52
951	-315.02
952	-315.08
953	-315.01
954	-314.97
955	-314.59
956	-315.09
957	-314.85
958	-314.75
959	-314.82
960	-314.88
961	-314.87
962	-314.86
963	-315.04
964	-315.02
965	-315.28
966	-314.99
967	-315.94
968	-316.24
969	-313.79
970	-313.93
971	-314.3
972	-314.43
973	-314.58
974	-314.63
975	-314.62
976	-314.6
977	-314.62
978	-314.62
979	-314.62
980	-314.6
981	-314.88
982	-315.7
983	-314.86
984	-314.5
985	-315.06
986	-314.58
987	-314.46
988	-314.61
989	-314.6
990	-314.7
991	-314.68
992	-314.67
993	-314.72
994	-314.59
995	-314.67
996	-314.69
997	-314.75
998	-314.77
999	-314.74
1000	-314.65
1001	-314.63
1002	-314.58
1003	-314.63
1004	-314.56
1005	-314.6
1006	-314.56
1007	-314.57
1008	-314.52
1009	-314.56
1010	-314.52
1011	-314.59
1012	-314.55
1013	-314.49
1014	-314.49
1015	-314.46
1016	-314.47
1017	-314.44
1018	-314.52
1019	-314.46
1020	-314.46
1021	-314.41
1022	-314.41
1023	-314.41
1024	-314.4
1025	-314.47
1026	-314.45
1027	-314.41
1028	-314.38
1029	-314.41
1030	-314.4
1031	-314.36
1032	-314.36
1033	-314.32
1034	-314.37
1035	-314.67
1036	-314.17
1037	-314.2
1038	-314.34
1039	-314.6
1040	-314.42
1041	-314.25
1042	-314.33
1043	-314.36
1044	-314.4
1045	-314.41
1046	-314.41
1047	-314.41
1048	-314.39
1049	-314.34
1050	-314.33
1051	-314.34
1052	-314.65
1053	-314.57
1054	-314.09
1055	-316.98
1056	-313.7
1057	-313.81
1058	-312.27
1059	-312.98
1060	-313.5
1061	-313.82
1062	-317.32
1063	-289.79
1064	-285.93
1065	-292.97
1066	-294.95
1067	-300.5
1068	-308.78
1069	-347.92
1070	-332.64
1071	-334.07
1072	-331.47
1073	-326.1
1074	-324.53
1075	-325.49
1076	-327.05
1077	-336.02
1078	-324.28
1079	-323.72
1080	-370.84
1081	-420.7
1082	-365.49
1083	-352.88
1084	-347.22
1085	-344.2
1086	-342.47
1087	-340.6
1088	-339.48
1089	-338.45
1090	-336.5
1091	-335.99
1092	-335.64
1093	-334.67
1094	-334
1095	-333.54
1096	-333.03
1097	-332.53
1098	-331.87
1099	-331.38
1100	-330.88
1101	-330.13
1102	-329.63
1103	-329.08
1104	-328.68
1105	-328.39
1106	-328.62
1107	-327.36
1108	-327.07
1109	-326.94
1110	-328.39
1111	-327.63
1112	-324.73
1113	-325.07
1114	-325.03
1115	-325.05
1116	-325.07
1117	-324.29
1118	-325.09
1119	-325.13
1120	-324.65
1121	-324.75
1122	-325.24
1123	-323.13
1124	-324.49
1125	-324.81
1126	-322.09
1127	-322.63
1128	-323.76
1129	-322.27
1130	-322.5
1131	-323.01
1132	-323.19
1133	-326.81
1134	-324.23
1135	-320.38
1136	-322.3
1137	-324.81
1138	-322.05
1139	-321.76
1140	-321.72
1141	-322.64
1142	-322.39
1143	-322.03
1144	-321.86
1145	-322.17
1146	-322.37
1147	-321.93
1148	-321.41
1149	-321.73
1150	-321.88
1151	-321.83
1152	-321.83
1153	-321.77
1154	-321.71
1155	-321.69
1156	-321.6
1157	-321.92
1158	-321.46
1159	-321.35
1160	-321.47
1161	-322.19
1162	-321.87
1163	-321.28
1164	-321.47
1165	-321.45
1166	-321.51
1167	-321.2
1168	-324.37
1169	-321.8
1170	-319.64
1171	-320
1172	-318.86
1173	-320.92
1174	-321.93
1175	-321.48
1176	-320.59
1177	-321.05
1178	-321.04
1179	-320.98
1180	-321.01
1181	-320.99
1182	-321.04
1183	-321.05
1184	-321.06
1185	-321.25
1186	-320.98
1187	-321.09
1188	-320.88
1189	-320.86
1190	-320.91
1191	-321.26
1192	-320.55
1193	-320.77
1194	-320.84
1195	-320.85
1196	-320.92
1197	-320.87
1198	-321.01
1199	-320.49
1200	-321.59
1201	-320.44
1202	-320.5
1203	-320.62
1204	-320.68
1205	-322.03
1206	-320.4
1207	-320.15
1208	-320.27
1209	-320.23
1210	-320.39
1211	-320.34
1212	-321.04
1213	-320.54
1214	-320.42
1215	-320.29
1216	-320.29
1217	-318.94
1218	-320.42
1219	-320.52
1220	-321.23
1221	-321.26
1222	-320.96
1223	-320.92
1224	-320.84
1225	-320.15
1226	-320.13
1227	-320.03
1228	-320.07
1229	-319.83
1230	-320.24
1231	-320.2
1232	-319.77
1233	-320.06
1234	-320.16
1235	-319.98
1236	-320.16
1237	-320.09
1238	-319.73
1239	-319.73
1240	-319.6
1241	-319.52
1242	-319.41
1243	-319.45
1244	-319.33
1245	-319.46
1246	-319.56
1247	-319.55
1248	-319.72
1249	-319.67
1250	-319.59
1251	-319.48
1252	-319.51
1253	-319.58
1254	-319.37
1255	-319.39
1256	-319.48
1257	-318.85
1258	-300.54
1259	-294.87
1260	-314.7
1261	-381.86
1262	-362.34
1263	-355.02
1264	-352.86
1265	-351.92
1266	-351.75
1267	-351.18
1268	-350.96
1269	-350.85
1270	-350.94
1271	-350.8
1272	-350.72
1273	-350.83
1274	-350.75
1275	-350.74
1276	-350.82
1277	-350.3
1278	-350.06
1279	-350.09
1280	-350.11
1281	-350.45
1282	-350.45
1283	-350.71
1284	-351.07
1285	-351.26
1286	-350.3
1287	-349.81
1288	-350.2
1289	-350.55
1290	-350.68
1291	-350.48
1292	-350.88
1293	-350.71
1294	-350.77
1295	-352.93
1296	-349.18
1297	-350.34
1298	-350.13
1299	-350.74
1300	-350.95
1301	-351.76
1302	-351.42
1303	-350.07
1304	-350.85
1305	-350.12
1306	-350.12
1307	-351.95
1308	-350.36
1309	-348.93
1310	-349.28
1311	-349.54
1312	-349.42
1313	-349.15
1314	-349.42
1315	-349.25
1316	-349.21
1317	-349.2
1318	-349.82
1319	-349.35
1320	-349.1
1321	-349.01
1322	-348.8
1323	-348.75
1324	-348.69
1325	-348.73
1326	-348.67
1327	-348.62
1328	-348.82
1329	-348.41
1330	-348.79
1331	-348.91
1332	-348.86
1333	-348.91
1334	-348.92
1335	-349.81
1336	-349.51
1337	-350.22
1338	-348.49
1339	-349.66
1340	-346.44
1341	-347.55
1342	-348
1343	-347.87
1344	-355.04
1345	-358.69
1346	-369.59
1347	-329.37
1348	-340.83
1349	-345.92
1350	-347.87
1351	-348.9
1352	-349.29
1353	-349.32
1354	-349.44
1355	-350.68
1356	-348.32
1357	-348.66
1358	-348.89
1359	-348.93
1360	-348.83
1361	-348.91
1362	-348.8
1363	-348.54
1364	-349.01
1365	-348.49
1366	-348.16
1367	-348.03
1368	-348.58
1369	-347.71
1370	-348.5
1371	-348.48
1372	-348.46
1373	-348.36
1374	-348.23
1375	-348.44
1376	-348.23
1377	-348
1378	-348.06
1379	-348.4
1380	-347.79
1381	-348.08
1382	-348.18
1383	-348.15
1384	-347.99
1385	-348
1386	-347.93
1387	-347.9
1388	-347.8
1389	-347.78
1390	-348.01
1391	-347.96
1392	-348.88
1393	-345.8
1394	-347.94
1395	-348.51
1396	-348.38
1397	-348.8
1398	-349.15
1399	-352.41
1400	-355.23
1401	-340.06
1402	-344.74
1403	-346.63
1404	-347.3
1405	-347.53
1406	-347.56
1407	-347.84
1408	-347.86
1409	-347.66
1410	-348.1
1411	-347.97
1412	-347.51
1413	-347.81
1414	-347.67
1415	-347.51
1416	-347.7
1417	-347.74
1418	-347.56
1419	-347.41
1420	-347.62
1421	-347.46
1422	-348.91
1423	-351.57
1424	-344.02
1425	-346.17
1426	-346.77
1427	-347.22
1428	-347.42
1429	-347.46
1430	-347.32
1431	-347.27
1432	-347.57
1433	-347.48
1434	-347.39
1435	-346.83
1436	-346.74
1437	-352.42
1438	-365.92
1439	-361.49
1440	-359.44
1441	-356.76
1442	-356.66
1443	-357.05
1444	-357.43
1445	-357.59
1446	-358
1447	-358.03
1448	-357.86
1449	-358.1
1450	-358.01
1451	-358.11
1452	-357.47
1453	-357.37
1454	-357.72
1455	-357.97
1456	-358.39
1457	-358.74
1458	-359.19
1459	-358.08
1460	-358.58
1461	-358.95
1462	-359.11
1463	-358.81
1464	-358.98
1465	-359.05
1466	-359.1
1467	-359.14
1468	-359.36
1469	-359.13
1470	-358.62
1471	-358.71
1472	-358.72
1473	-358.97
1474	-359.38
1475	-359.01
1476	-359
1477	-359.48
1478	-359.36
1479	-359.35
1480	-359.27
1481	-359.39
1482	-359.26
1483	-358.12
1484	-358.38
1485	-358.81
1486	-359.02
1487	-361.38
1488	-357.74
1489	-358.34
1490	-358.36
1491	-358.55
1492	-359.03
1493	-358.91
1494	-358.32
1495	-358.79
1496	-360.17
1497	-359.22
1498	-359.76
1499	-359.86
1500	-359.84
1501	-360.27
1502	-356.56
1503	-358.04
1504	-359.93
1505	-359.91
1506	-358.25
1507	-359.43
1508	-359.22
1509	-358.93
1510	-359.59
1511	-358.86
1512	-359.36
1513	-358.83
1514	-359.7
1515	-357.3
1516	-359.45
1517	-359.39
1518	-359.48
1519	-359.41
1520	-359.32
1521	-359.39
1522	-359.37
1523	-359.86
1524	-359.41
1525	-359.27
1526	-358.95
1527	-359.14
1528	-359.34
1529	-359.38
1530	-359.34
1531	-359.46
1532	-359.45
1533	-359.79
1534	-359.01
1535	-363.79
1536	-356.14
1537	-358.51
1538	-358.47
1539	-359.1
1540	-359.3
1541	-358.86
1542	-359.85
1543	-359.22
1544	-358.9
1545	-359.45
1546	-358.57
1547	-359.5
1548	-359.31
1549	-359.42
1550	-360.14
1551	-358.96
1552	-358.93
1553	-359.19
1554	-358.8
1555	-359.39
1556	-358.83
1557	-359.34
1558	-359.41
1559	-359.41
1560	-359.05
1561	-359.19
1562	-359.3
1563	-359.19
1564	-359.28
1565	-359.25
1566	-359.04
1567	-359.21
1568	-359.13
1569	-359.19
1570	-359.18
1571	-359.21
1572	-359.32
1573	-359.2
1574	-359.11
1575	-359.09
1576	-359.09
1577	-359.04
1578	-359.08
1579	-359.08
1580	-359.37
1581	-359.33
1582	-359.23
1583	-359.23
1584	-358.96
1585	-359.25
1586	-359.21
1587	-359.07
1588	-359.22
1589	-359.11
1590	-358.98
1591	-359.05
1592	-358.58
1593	-360.42
1594	-358.47
1595	-358.69
1596	-358.75
1597	-358.94
1598	-358.96
1599	-359.04
1600	-359.22
1601	-359.02
1602	-358.88
1603	-358.84
1604	-358.8
1605	-359.17
1606	-358.71
1607	-358.67
1608	-358.53
1609	-358.77
1610	-358.62
1611	-358.77
1612	-358.65
1613	-358.37
1614	-358.27
1615	-358.21
1616	-358.22
1617	-355.38
1618	-352.39
1619	-320.51
1620	-306.94
1621	-395.7
1622	-371.72
1623	-362.96
1624	-359.16
1625	-357.27
1626	-356.34
1627	-355.39
1628	-354.73
1629	-354
1630	-353.59
1631	-353.13
1632	-352.51
1633	-352.14
1634	-352.01
1635	-351.6
1636	-351.25
1637	-351.11
1638	-350.75
1639	-350.48
1640	-350.22
1641	-350.12
1642	-350.03
1643	-349.77
1644	-349.79
1645	-349.66
1646	-349.69
1647	-349.63
1648	-350.33
1649	-350.38
1650	-349.81
1651	-349.47
1652	-349.25
1653	-351.7
1654	-351.81
1655	-351.15
1656	-349.2
1657	-351.67
1658	-345.64
1659	-345.85
1660	-346.68
1661	-347.4
1662	-347.68
1663	-347.94
1664	-348.22
1665	-349.92
1666	-348.25
1667	-347.87
1668	-348.7
1669	-348.85
1670	-348.49
1671	-348.04
1672	-348.07
1673	-347.83
1674	-348.39
1675	-348.6
1676	-349.06
1677	-347.52
1678	-348.33
1679	-348.17
1680	-348.26
1681	-347.52
1682	-348.24
1683	-347.55
1684	-347.94
1685	-347.66
1686	-347.84
1687	-347.5
1688	-348.26
1689	-348.33
1690	-346.85
1691	-347.48
1692	-347.36
1693	-347.49
1694	-347.4
1695	-347.31
1696	-347.34
1697	-347.5
1698	-347.52
1699	-347.66
1700	-346.17
1701	-346.63
1702	-347.37
1703	-346.74
1704	-346.97
1705	-347.47
1706	-346.15
1707	-346.42
1708	-346.52
1709	-346.68
1710	-346.61
1711	-346.79
1712	-346.84
1713	-346.71
1714	-346.29
1715	-346.35
1716	-346.5
1717	-346.54
1718	-346.65
1719	-346.73
1720	-346.94
1721	-347.43
1722	-346.97
1723	-347.45
1724	-347.46
1725	-346.45
1726	-347.21
1727	-346.5
1728	-347.37
1729	-346.82
1730	-347.24
1731	-346.86
1732	-346.72
1733	-347.09
1734	-346.92
1735	-348.2
1736	-347.87
1737	-346.67
1738	-345.96
1739	-348
1740	-345.69
1741	-346.34
1742	-346.59
1743	-346.68
1744	-348.29
1745	-345.96
1746	-346.02
1747	-346.53
1748	-346.73
1749	-346.58
1750	-346.49
1751	-346.52
1752	-346.56
1753	-346.7
1754	-346.94
1755	-346.71
1756	-346.24
1757	-346.46
1758	-346.37
1759	-346.32
1760	-346.56
1761	-346.48
1762	-346.45
1763	-346.38
1764	-346.44
1765	-346.09
1766	-346.32
1767	-346.3
1768	-346.22
1769	-345.99
1770	-344.71
1771	-346.7
1772	-346.68
1773	-346.41
1774	-345.84
1775	-345.65
1776	-345.55
1777	-345.48
1778	-345.51
1779	-345.55
1780	-345.71
1781	-345.61
1782	-345.73
1783	-345.74
1784	-345.44
1785	-345.38
1786	-345.43
1787	-345.52
1788	-345.31
1789	-345.32
1790	-345.48
1791	-345.34
1792	-345.56
1793	-345.45
1794	-345.39
1795	-345.64
1796	-345.06
1797	-344.81
1798	-358.25
1799	-360.7
1800	-354.36
1801	-357.36
1802	-326.16
1803	-323.25
1804	-322.85
1805	-322.55
1806	-322.21
1807	-321.31
1808	-321.19
1809	-321.08
1810	-321.05
1811	-320.89
1812	-320.91
1813	-320.57
1814	-320.29
1815	-320.26
1816	-320.44
1817	-319.98
1818	-319.74
1819	-319.93
1820	-319.89
1821	-319.77
1822	-319.54
1823	-319.53
1824	-320.16
1825	-319.58
1826	-319.39
1827	-319.28
1828	-318.62
1829	-318.89
1830	-319.12
1831	-319.86
1832	-321.82
1833	-320.15
1834	-316.88
1835	-316.2
1836	-321.6
1837	-319.66
1838	-316.96
1839	-317.39
1840	-318.34
1841	-318.07
1842	-319.36
1843	-318.27
1844	-318.41
1845	-318.52
1846	-318.36
1847	-318.45
1848	-318.63
1849	-318.59
1850	-318.7
1851	-318.73
1852	-319.3
1853	-319.73
1854	-317.53
1855	-317.79
1856	-317.94
1857	-317.94
1858	-318.23
1859	-318.43
1860	-318.44
1861	-318.11
1862	-318.16
1863	-318.25
1864	-318.59
1865	-318.66
1866	-318.64
1867	-318.8
1868	-318.86
1869	-318.42
1870	-318.18
1871	-318.3
1872	-318.44
1873	-318.76
1874	-318.7
1875	-318.36
1876	-318.3
1877	-318.53
1878	-318.39
1879	-318.39
1880	-318.36
1881	-318.44
1882	-318.49
1883	-318.28
1884	-318.13
1885	-318.22
1886	-318.25
1887	-318.33
1888	-318.28
1889	-318.01
1890	-318.28
1891	-318.17
1892	-318.37
1893	-318.46
1894	-318.47
1895	-318.53
1896	-318.46
1897	-318.44
1898	-318.09
1899	-318.23
1900	-318.4
1901	-318.18
1902	-318.19
1903	-318.32
1904	-318.17
1905	-318.26
1906	-318.3
1907	-318.26
1908	-318.02
1909	-318.21
1910	-318.28
1911	-318.23
1912	-318.16
1913	-318.26
1914	-318.48
1915	-318.32
1916	-318.24
1917	-318.45
1918	-318.48
1919	-318.22
1920	-318.3
1921	-318.35
1922	-318.25
1923	-318.36
1924	-318.29
1925	-318.11
1926	-318.04
1927	-318.09
1928	-318.3
1929	-318.18
1930	-318.09
1931	-318.19
1932	-318.14
1933	-317.97
1934	-318.06
1935	-318.13
1936	-318.13
1937	-318.2
1938	-318.01
1939	-318.14
1940	-318.1
1941	-317.99
1942	-318.1
1943	-318.35
1944	-318.2
1945	-318.87
1946	-318.52
1947	-317.52
1948	-317.05
1949	-317.39
1950	-317.67
1951	-317.76
1952	-317.41
1953	-317.83
1954	-317.55
1955	-317.21
1956	-317.3
1957	-317.48
1958	-317.65
1959	-310.55
1960	-276.48
1961	-283.69
1962	-292.78
1963	-307.8
1964	-309.21
1965	-286.39
1966	-284.84
1967	-343.62
1968	-344.11
1969	-354.89
1970	-371.1
1971	-370.75
1972	-373.26
1973	-371.03
1974	-362.65
1975	-359.95
1976	-324.52
1977	-311.25
1978	-314.39
1979	-315.31
1980	-315.45
1981	-315.56
1982	-315.38
1983	-315.38
1984	-315.17
1985	-314.76
1986	-314.75
1987	-314.71
1988	-314.61
1989	-314.51
1990	-314.3
1991	-314.19
1992	-313.95
1993	-313.84
1994	-313.92
1995	-313.75
1996	-313.55
1997	-313.59
1998	-314.08
1999	-313.1
2000	-312.85
2001	-312.36
2002	-312.65
2003	-312.8
2004	-312.72
2005	-312.63
2006	-312.71
2007	-312.44
2008	-312.16
2009	-312.16
2010	-312.15
2011	-312.11
2012	-312.08
2013	-311.78
2014	-311.11
2015	-311.39
2016	-310.65
2017	-311.4
2018	-310.93
2019	-311.3
2020	-311.01
2021	-311.12
2022	-311
2023	-311.11
2024	-311.04
2025	-311.21
2026	-310.99
2027	-310.66
2028	-310.69
2029	-311.34
2030	-311.31
2031	-311.58
2032	-311.83
2033	-311.75
2034	-312.63
2035	-310.53
2036	-310.82
2037	-311.02
2038	-311.1
2039	-311.12
2040	-311.13
2041	-311.13
2042	-311.12
2043	-311.11
2044	-311.13
2045	-311.12
2046	-311.15
2047	-311.11
2048	-311.08
2049	-311.08
2050	-311.05
2051	-310.99
2052	-311.01
2053	-311.03
2054	-311.02
2055	-311
2056	-310.97
2057	-310.97
2058	-311.02
2059	-310.97
2060	-310.85
2061	-310.87
2062	-310.85
2063	-310.83
2064	-310.8
2065	-310.82
2066	-310.82
2067	-310.82
2068	-310.8
2069	-310.79
2070	-310.81
2071	-310.75
2072	-310.74
2073	-310.73
2074	-310.65
2075	-310.75
2076	-310.73
2077	-310.74
2078	-310.68
2079	-310.68
2080	-310.93
2081	-310.56
2082	-310.53
2083	-310.53
2084	-310.55
2085	-310.56
2086	-310.65
2087	-310.62
2088	-310.61
2089	-310.59
2090	-310.6
2091	-310.61
2092	-310.55
2093	-310.57
2094	-310.6
2095	-310.61
2096	-310.7
2097	-311.22
2098	-310.32
2099	-310.4
2100	-310.44
2101	-310.51
2102	-310.48
2103	-310.48
2104	-310.55
2105	-310.54
2106	-310.51
2107	-310.56
2108	-310.56
2109	-310.54
2110	-310.49
2111	-310.49
2112	-310.44
2113	-310.48
2114	-310.62
2115	-310.6
2116	-310.44
2117	-310.43
2118	-310.46
2119	-310.39
2120	-310.37
2121	-310.72
2122	-310.19
2123	-307.38
2124	-311.54
2125	-311.76
2126	-309.81
2127	-309.92
2128	-309.99
2129	-310.13
2130	-309.88
2131	-310
2132	-310.03
2133	-310.07
2134	-310.07
2135	-310.08
2136	-310.08
2137	-309.98
2138	-309.99
2139	-309.68
2140	-309.7
2141	-310.15
2142	-309.83
2143	-309.79
2144	-309.84
2145	-309.92
2146	-310.01
2147	-309.92
2148	-309.85
2149	-309.79
2150	-309.83
2151	-309.8
2152	-309.81
2153	-309.69
2154	-309.71
2155	-309.72
2156	-309.65
2157	-309.74
2158	-290.51
2159	-282.56
2160	-311.06
2161	-307.95
2162	-293.09
2163	-287.03
2164	-283.24
2165	-280.71
2166	-278.8
2167	-277.49
2168	-276.46
2169	-275.64
2170	-274.97
2171	-274.52
2172	-274.1
2173	-273.72
2174	-273.25
2175	-273.06
2176	-272.98
2177	-272.4
2178	-272.21
2179	-272.03
2180	-271.85
2181	-271.72
2182	-271.55
2183	-271.39
2184	-271.01
2185	-270.78
2186	-270.68
2187	-270.66
2188	-270.52
2189	-270.37
2190	-270.32
2191	-270.85
2192	-270.67
2193	-270.37
2194	-270.11
2195	-275.65
2196	-270.84
2197	-268.04
2198	-268.76
2199	-269.04
2200	-269.21
2201	-269.21
2202	-269.31
2203	-270.34
2204	-273.26
2205	-267.17
2206	-269.37
2207	-272.34
2208	-266.59
2209	-266.47
2210	-267.29
2211	-266.97
2212	-267.91
2213	-268.41
2214	-268.46
2215	-268.72
2216	-268.64
2217	-268.65
2218	-268.64
2219	-268.67
2220	-268.52
2221	-268.54
2222	-268.57
2223	-268.65
2224	-268.5
2225	-268.41
2226	-268.37
2227	-268.34
2228	-268.21
2229	-268.19
2230	-268.25
2231	-268.23
2232	-268.22
2233	-268.24
2234	-268.16
2235	-268.12
2236	-268.11
2237	-268.09
2238	-267.92
2239	-267.83
2240	-272.68
2241	-266.74
2242	-266.27
2243	-266.66
2244	-267
2245	-267.3
2246	-267.54
2247	-267.57
2248	-267.78
2249	-267.55
2250	-268.45
2251	-267.23
2252	-267.09
2253	-267.24
2254	-267.22
2255	-267.19
2256	-267.23
2257	-267.29
2258	-267.31
2259	-267.35
2260	-267.37
2261	-267.3
2262	-267.23
2263	-267.2
2264	-267.22
2265	-267.25
2266	-267.13
2267	-267.12
2268	-267.16
2269	-267.14
2270	-267.23
2271	-267.26
2272	-267.28
2273	-267.2
2274	-267.07
2275	-267.31
2276	-266.98
2277	-266.79
2278	-266.96
2279	-267.2
2280	-268.9
2281	-267.03
2282	-266.96
2283	-266.12
2284	-266.62
2285	-267.15
2286	-266.92
2287	-266.52
2288	-266.93
2289	-266.57
2290	-265.86
2291	-266.5
2292	-264.55
2293	-266
2294	-268.13
2295	-266.38
2296	-268.37
2297	-266.99
2298	-266.32
2299	-267.91
2300	-267.24
2301	-265.91
2302	-266.74
2303	-266.25
2304	-266.6
2305	-266.51
2306	-266.6
2307	-266.66
2308	-267.09
2309	-267.34
2310	-266.83
2311	-265.76
2312	-266.3
2313	-266.2
2314	-265.83
2315	-265.92
2316	-266.57
2317	-267.95
2318	-265.46
2319	-265.91
2320	-266.12
2321	-266.35
2322	-266.25
2323	-266.08
2324	-265.8
2325	-265.6
2326	-265.73
2327	-265.69
2328	-265.77
2329	-265.76
2330	-265.74
2331	-265.69
2332	-265.67
2333	-265.68
2334	-265.67
2335	-265.81
2336	-265.94
2337	-265.91
2338	-275.99
2339	-284.37
2340	-285.16
2341	-283.78
2342	-254.48
2343	-229.53
2344	-209.53
2345	-196.43
2346	-190.25
2347	-186.76
2348	-183.99
2349	-182.67
2350	-182.11
2351	-180.83
2352	-180.67
2353	-180.42
2354	-179.74
2355	-179.45
2356	-180.09
2357	-180.61
2358	-180.12
2359	-179.61
2360	-180.27
2361	-181.79
2362	-180.81
2363	-177.71
2364	-176.6
2365	-178.27
2366	-179.6
2367	-175.8
2368	-178.05
2369	-178.79
2370	-178.88
2371	-178.77
2372	-179.47
2373	-178.16
2374	-177.53
2375	-177.68
2376	-178.11
2377	-177.64
2378	-177.61
2379	-177.47
2380	-177.58
2381	-178.77
2382	-176.34
2383	-177.74
2384	-177.3
2385	-177.8
2386	-182.84
2387	-175.97
2388	-177.43
2389	-179.11
2390	-178.31
2391	-176.06
2392	-178.54
2393	-177.54
2394	-177.02
2395	-176.95
2396	-177.02
2397	-177.2
2398	-177.26
2399	-176.95
2400	-176.44
2401	-178.11
2402	-177.89
2403	-177.72
2404	-177.17
2405	-177.84
2406	-178.01
2407	-177.22
2408	-177.47
2409	-177.52
2410	-176.88
2411	-177.4
2412	-177.81
2413	-177.25
2414	-176.75
2415	-176.84
2416	-176.98
2417	-177.46
2418	-176.85
2419	-176.4
2420	-176.92
2421	-177.59
2422	-178.2
2423	-178.8
2424	-178.33
2425	-177.9
2426	-178.5
2427	-178.39
2428	-176.95
2429	-176.78
2430	-178.27
2431	-177.75
2432	-175.92
2433	-177.52
2434	-177.34
2435	-176.83
2436	-176.95
2437	-176.84
2438	-176.83
2439	-176.4
2440	-176.34
2441	-176.45
2442	-176.6
2443	-176.88
2444	-176.96
2445	-177.15
2446	-177.44
2447	-176.4
2448	-176.92
2449	-177.73
2450	-177.47
2451	-176.73
2452	-176.93
2453	-177.24
2454	-176.82
2455	-176.02
2456	-176.22
2457	-176.93
2458	-177.03
2459	-177.16
2460	-177.23
2461	-177.88
2462	-177.05
2463	-176.52
2464	-176.96
2465	-177.43
2466	-177.33
2467	-178.26
2468	-177.76
2469	-177.52
2470	-177.07
2471	-177.26
2472	-176.34
2473	-176.23
2474	-176.95
2475	-177.83
2476	-177.39
2477	-176.75
2478	-176.96
2479	-178.28
2480	-178.15
2481	-177.57
2482	-176.95
2483	-177.07
2484	-176.77
2485	-177.84
2486	-180.9
2487	-176.4
2488	-176.04
2489	-176.92
2490	-177.94
2491	-178.54
2492	-180.22
2493	-174.45
2494	-175.32
2495	-174.99
2496	-176.05
2497	-176.45
2498	-177.44
2499	-177.64
2500	-172.84
2501	-179.85
2502	-192.31
2503	-200.99
2504	-202.04
2505	-200.36
2506	-208.03
2507	-196.94
2508	-175.45
2509	-154.42
2510	-162.34
2511	-177.06
2512	-190.07
2513	-197.14
2514	-210.28
2515	-207.07
2516	-183.23
2517	-147.94
2518	-153.13
2519	-158.26
2520	-161.74
2521	-164.4
2522	-166.34
2523	-167.89
2524	-169.09
2525	-169.72
2526	-170.02
2527	-170.74
2528	-171.5
2529	-172.16
2530	-172.43
2531	-172.23
2532	-172.69
2533	-172.69
2534	-173.05
2535	-173.07
2536	-173.03
2537	-173.11
2538	-173.15
2539	-173
2540	-172.88
2541	-173.06
2542	-172.94
2543	-172.73
2544	-172.69
2545	-172.64
2546	-172.85
2547	-172.63
2548	-172.76
2549	-172.83
2550	-172.19
2551	-172.23
2552	-172.18
2553	-172.03
2554	-171.65
2555	-171.83
2556	-171.97
2557	-172.05
2558	-171.86
2559	-171.74
2560	-171.66
2561	-171.58
2562	-171.51
2563	-171.58
2564	-171.57
2565	-172.23
2566	-172.18
2567	-172.61
2568	-171.82
2569	-169.92
2570	-174.8
2571	-172.16
2572	-168.79
2573	-168.69
2574	-169.28
2575	-169.6
2576	-169.67
2577	-169.82
2578	-169.95
2579	-170
2580	-169.94
2581	-170.02
2582	-170.08
2583	-170.12
2584	-170.18
2585	-170.21
2586	-170.41
2587	-170.76
2588	-170.49
2589	-170.49
2590	-168.66
2591	-168.66
2592	-168.9
2593	-169.08
2594	-168.91
2595	-168.34
2596	-169.34
2597	-169.81
2598	-169.81
2599	-169.39
2600	-168.94
2601	-169.23
2602	-170.57
2603	-168.88
2604	-168.57
2605	-168.6
2606	-168.58
2607	-168.66
2608	-168.7
2609	-168.69
2610	-168.62
2611	-168.55
2612	-168.46
2613	-168.39
2614	-168.84
2615	-168.67
2616	-168.35
2617	-168.26
2618	-168.16
2619	-168.05
2620	-167.98
2621	-167.92
2622	-168
2623	-168
2624	-168.05
2625	-167.97
2626	-167.89
2627	-167.87
2628	-167.76
2629	-167.78
2630	-167.79
2631	-167.7
2632	-167.69
2633	-167.71
2634	-167.64
2635	-167.61
2636	-167.51
2637	-167.51
2638	-167.46
2639	-167.4
2640	-167.38
2641	-167.39
2642	-167.39
2643	-167.39
2644	-167.39
2645	-167.32
2646	-167.31
2647	-167.33
2648	-167.27
2649	-167.21
2650	-167.16
2651	-167.21
2652	-167.19
2653	-167.17
2654	-167.08
2655	-167.05
2656	-166.97
2657	-167
2658	-167.02
2659	-166.9
2660	-166.83
2661	-166.76
2662	-166.68
2663	-167.17
2664	-165.92
2665	-166.61
2666	-170.89
2667	-167.38
2668	-166.89
2669	-167.15
2670	-164.97
2671	-164.82
2672	-165.14
2673	-165.5
2674	-170.55
2675	-165.09
2676	-162.87
2677	-164.88
2678	-166.22
2679	-166.25
2680	-166.3
2681	-166.03
2682	-165.49
2683	-165.18
2684	-166.44
2685	-165.67
2686	-165.03
2687	-164.22
2688	-164.69
2689	-164.72
2690	-164.73
2691	-164.57
2692	-164.43
2693	-164.38
2694	-164.35
2695	-164.29
2696	-164.37
2697	-164.23
2698	-158.4
2699	-123.47
2700	-132.75
2701	-146.19
2702	-145.26
2703	-147.22
2704	-145.51
2705	-144.37
2706	-143.38
2707	-142.33
2708	-141.37
2709	-140.2
2710	-140.08
2711	-140.05
2712	-139.58
2713	-139.2
2714	-139.06
2715	-138.91
2716	-138.57
2717	-138.42
2718	-138.31
2719	-137.93
2720	-137.2
2721	-136.43
2722	-136.12
2723	-135.87
2724	-135.56
2725	-135.26
2726	-135.07
2727	-134.87
2728	-134.37
2729	-133.93
2730	-133.82
2731	-134.31
2732	-136.72
2733	-137.54
2734	-134.72
2735	-133.58
2736	-132.89
2737	-132.23
2738	-132.07
2739	-132.2
2740	-132.34
2741	-132.39
2742	-133.06
2743	-136.59
2744	-133.66
2745	-131.2
2746	-130.5
2747	-130.36
2748	-130.39
2749	-130.38
2750	-130.54
2751	-130.36
2752	-130.37
2753	-130.31
2754	-130.17
2755	-129.86
2756	-130.09
2757	-130.07
2758	-129.98
2759	-129.78
2760	-129.59
2761	-129.27
2762	-128.95
2763	-128.6
2764	-128.33
2765	-127.98
2766	-127.67
2767	-127.15
2768	-126.8
2769	-126.47
2770	-126.12
2771	-125.56
2772	-125.16
2773	-124.84
2774	-124.67
2775	-124.36
2776	-124.14
2777	-123.82
2778	-123.66
2779	-123.5
2780	-123.41
2781	-123.18
2782	-122.94
2783	-122.71
2784	-122.57
2785	-122.41
2786	-122.36
2787	-122.21
2788	-121.98
2789	-121.83
2790	-121.64
2791	-121.5
2792	-121.32
2793	-121.08
2794	-120.93
2795	-120.81
2796	-120.74
2797	-120.61
2798	-120.58
2799	-120.47
2800	-120.53
2801	-120.67
2802	-120.93
2803	-120.99
2804	-121.12
2805	-121.51
2806	-121.77
2807	-121.83
2808	-122
2809	-122.02
2810	-122.01
2811	-122.06
2812	-122.06
2813	-122.04
2814	-121.99
2815	-121.82
2816	-121.72
2817	-121.51
2818	-121.27
2819	-122.46
2820	-123.35
2821	-124.14
2822	-124.57
2823	-124.79
2824	-124.46
2825	-123.19
2826	-124.74
2827	-124.35
2828	-124.14
2829	-124.76
2830	-125.51
2831	-126.16
2832	-127.96
2833	-127.6
2834	-127.34
2835	-127.09
2836	-126.95
2837	-126.84
2838	-126.68
2839	-126.52
2840	-126.34
2841	-126.17
2842	-125.85
2843	-125.65
2844	-125.5
2845	-125.35
2846	-125.15
2847	-124.88
2848	-124.64
2849	-124.38
2850	-124.24
2851	-123.98
2852	-123.75
2853	-123.56
2854	-123.37
2855	-123.22
2856	-123.3
2857	-123.12
2858	-122.99
2859	-122.76
2860	-121.97
2861	-120.93
2862	-121.94
2863	-122.41
2864	-122.6
2865	-122.22
2866	-121.96
2867	-122.11
2868	-122.19
2869	-121.9
2870	-121.71
2871	-121.83
2872	-120.97
2873	-124.35
2874	-121.45
2875	-119.27
2876	-120.93
2877	-120.3
2878	-119.35
2879	-125.74
2880	-148.98
2881	-156.31
2882	-184.11
2883	-175.18
2884	-129.91
2885	-126.46
2886	-122.96
2887	-120.34
2888	-118.31
2889	-116.69
2890	-115.22
2891	-113.72
2892	-112.29
2893	-111.06
2894	-110.1
2895	-108.79
2896	-107.56
2897	-107.08
2898	-106.03
2899	-104.78
2900	-103.77
2901	-104.7
2902	-102.89
2903	-103.44
2904	-101.12
2905	-99.02
2906	-97.94
2907	-97.38
2908	-96.83
2909	-96.44
2910	-99.56
2911	-98.07
2912	-96.22
2913	-95.5
2914	-93.33
2915	-93
2916	-92.79
2917	-92.58
2918	-92.4
2919	-92.32
2920	-92.16
2921	-92.07
2922	-91.84
2923	-91.7
2924	-91.53
2925	-91.3
2926	-91.06
2927	-90.79
2928	-90.57
2929	-90.45
2930	-90.29
2931	-90.26
2932	-90.11
2933	-89.84
2934	-89.59
2935	-89.42
2936	-89.36
2937	-89.18
2938	-89.02
2939	-88.98
2940	-88.94
2941	-88.87
2942	-88.79
2943	-88.65
2944	-88.62
2945	-88.61
2946	-88.48
2947	-88.26
2948	-88.34
2949	-90.09
2950	-88.12
2951	-88.03
2952	-87.03
2953	-87.66
2954	-87.81
2955	-86.64
2956	-87.54
2957	-87.17
2958	-86.73
2959	-86.75
2960	-87.2
2961	-86.64
2962	-86.61
2963	-86.59
2964	-86.54
2965	-86.49
2966	-86.45
2967	-86.38
2968	-86.26
2969	-86.25
2970	-86.23
2971	-86.13
2972	-86.11
2973	-86.07
2974	-86
2975	-85.89
2976	-86
2977	-85.74
2978	-85.69
2979	-85.59
2980	-85.5
2981	-85.43
2982	-85.31
2983	-85.22
2984	-85.13
2985	-85.16
2986	-85.07
2987	-85.04
2988	-85.09
2989	-84.97
2990	-84.75
2991	-84.76
2992	-84.94
2993	-84.34
2994	-84.09
2995	-84.29
2996	-84.27
2997	-84.31
2998	-84.11
2999	-84.01
3000	-84.06
3001	-83.97
3002	-83.9
3003	-83.82
3004	-83.63
3005	-83.5
3006	-83.47
3007	-83.74
3008	-83.45
3009	-83.16
3010	-83.06
3011	-83.11
3012	-83.09
3013	-83.11
3014	-83.04
3015	-82.98
3016	-82.97
3017	-82.98
3018	-83.09
3019	-83.02
3020	-83.11
3021	-83.05
3022	-82.84
3023	-82.84
3024	-82.88
3025	-82.7
3026	-82.62
3027	-82.58
3028	-82.43
3029	-82.48
3030	-82.41
3031	-82.37
3032	-82.55
3033	-82.85
3034	-82.09
3035	-81.97
3036	-81.95
3037	-81.9
3038	-81.86
3039	-81.79
3040	-81.7
3041	-81.74
3042	-81.67
3043	-81.63
3044	-81.63
3045	-81.6
3046	-81.51
3047	-81.58
3048	-81.56
3049	-81.6
3050	-81.47
3051	-81.45
3052	-81.2
3053	-81.44
3054	-81.52
3055	-82.37
3056	-81.51
3057	-80.97
3058	-80.5
3059	-80.29
3060	-80.49
