0	-62.68
1	-63.17
2	-64.76
3	-280.05
4	151.44
5	170.81
6	171.89
7	172.28
8	172.53
9	172.74
10	172.82
11	172.9
12	172.97
13	173.19
14	173.24
15	173.22
16	173.25
17	173.31
18	173.4
19	173.45
20	173.47
21	173.46
22	173.57
23	173.61
24	173.54
25	173.61
26	173.58
27	173.59
28	173.56
29	173.59
30	173.58
31	173.58
32	173.56
33	173.52
34	173.59
35	173.55
36	173.53
37	173.55
38	173.64
39	173.63
40	173.61
41	173.64
42	173.64
43	173.64
44	173.62
45	173.66
46	173.65
47	173.64
48	173.63
49	173.62
50	173.63
51	173.61
52	173.61
53	173.62
54	173.7
55	173.59
56	173.63
57	173.63
58	173.61
59	173.62
60	173.61
61	173.58
62	173.62
63	173.69
64	173.65
65	173.56
66	173.59
67	173.61
68	173.62
69	173.63
70	173.59
71	173.57
72	173.58
73	173.59
74	173.61
75	173.59
76	173.6
77	173.62
78	173.59
79	173.58
80	173.58
81	173.58
82	173.61
83	173.58
84	173.6
85	173.55
86	173.58
87	173.59
88	173.58
89	173.58
90	173.59
91	173.62
92	173.57
93	173.59
94	173.59
95	173.57
96	173.57
97	173.59
98	173.57
99	173.57
100	173.55
101	173.57
102	173.56
103	173.59
104	173.57
105	173.56
106	173.56
107	173.56
108	173.56
109	173.55
110	173.57
111	173.54
112	173.56
113	173.54
114	173.53
115	173.53
116	173.54
117	173.51
118	173.54
119	173.54
120	173.56
121	173.55
122	173.54
123	173.51
124	173.52
125	173.54
126	173.52
127	173.49
128	173.51
129	173.51
130	173.52
131	173.53
132	173.53
133	173.51
134	173.53
135	173.52
136	173.53
137	173.51
138	173.49
139	173.49
140	173.5
141	173.49
142	173.51
143	173.51
144	173.48
145	173.5
146	173.51
147	173.5
148	173.49
149	173.49
150	173.49
151	173.49
152	173.47
153	173.5
154	173.47
155	173.54
156	173.58
157	173.44
158	173.47
159	173.43
160	173.45
161	173.43
162	173.46
163	173.43
164	173.4
165	173.45
166	173.46
167	173.44
168	173.44
169	173.44
170	173.44
171	173.47
172	173.46
173	173.25
174	153.61
175	166.31
176	184.04
177	187.87
178	189.28
179	144.7
180	139.95
181	138.38
182	137.98
183	138.02
184	138.03
185	138.03
186	138.04
187	138.04
188	138.06
189	138.11
190	138.14
191	138.13
192	138.14
193	138.16
194	138.17
195	138.19
196	138.19
197	138.18
198	138.2
199	138.21
200	138.21
201	138.23
202	138.21
203	138.21
204	138.21
205	138.22
206	138.23
207	138.23
208	138.23
209	138.24
210	138.22
211	138.25
212	138.25
213	138.23
214	138.25
215	138.26
216	138.26
217	138.26
218	138.24
219	138.23
220	138.22
221	138.24
222	138.25
223	138.25
224	138.25
225	138.25
226	138.23
227	138.25
228	138.24
229	138.26
230	138.28
231	138.23
232	138.25
233	138.26
234	138.25
235	138.27
236	138.26
237	138.25
238	138.26
239	138.27
240	138.27
241	138.27
242	138.25
243	138.24
244	138.26
245	138.27
246	138.25
247	138.23
248	138.26
249	138.25
250	138.27
251	138.27
252	138.26
253	138.28
254	138.28
255	138.25
256	138.26
257	138.26
258	138.24
259	138.26
260	138.25
261	138.26
262	138.27
263	138.27
264	138.25
265	138.27
266	138.27
267	138.27
268	138.28
269	138.29
270	138.24
271	138.27
272	138.24
273	138.32
274	138.23
275	138.29
276	138.27
277	138.23
278	138.24
279	138.22
280	138.24
281	138.26
282	138.26
283	138.29
284	138.23
285	138.25
286	138.25
287	138.24
288	138.24
289	138.24
290	138.22
291	138.24
292	138.27
293	138.24
294	138.22
295	138.24
296	138.24
297	138.23
298	138.23
299	138.22
300	138.24
301	138.22
302	138.23
303	138.23
304	138.24
305	138.23
306	138.24
307	138.24
308	138.27
309	138.24
310	138.23
311	138.23
312	138.24
313	138.24
314	138.25
315	138.23
316	138.25
317	138.22
318	138.23
319	138.24
320	138.22
321	138.24
322	138.24
323	138.25
324	138.36
325	138.17
326	138.35
327	138.22
328	138.17
329	138.2
330	138.21
331	138.22
332	138.21
333	138.22
334	138.22
335	138.22
336	138.22
337	138.22
338	138.23
339	138.17
340	138.16
341	138.2
342	138.24
343	138.2
344	138.23
345	138.22
346	138.2
347	138.22
348	138.18
349	138.21
350	138.23
351	138.22
352	138.2
353	138.23
354	138.23
355	138.2
356	138.2
357	151.22
358	268.83
359	171.57
360	180.01
361	129.7
362	99.87
363	94.97
364	93.48
365	93.25
366	93.25
367	93.3
368	93.27
369	93.3
370	93.35
371	93.35
372	93.36
373	93.38
374	93.41
375	93.43
376	93.42
377	93.43
378	93.42
379	93.45
380	93.43
381	93.45
382	93.44
383	93.42
384	93.43
385	93.44
386	93.47
387	93.43
388	93.46
389	93.49
390	93.45
391	93.47
392	93.49
393	93.47
394	93.49
395	93.51
396	93.49
397	93.48
398	93.48
399	93.51
400	93.5
401	93.49
402	93.49
403	93.5
404	93.51
405	93.51
406	93.5
407	93.52
408	93.53
409	93.54
410	93.52
411	93.52
412	93.51
413	93.71
414	93.57
415	93.46
416	93.56
417	93.5
418	93.57
419	93.51
420	93.54
421	93.51
422	93.54
423	93.54
424	93.53
425	93.52
426	93.57
427	93.55
428	93.55
429	93.58
430	93.53
431	93.6
432	93.55
433	93.62
434	93.53
435	93.53
436	93.54
437	93.64
438	93.55
439	93.53
440	93.53
441	93.62
442	93.58
443	93.56
444	93.58
445	93.59
446	93.56
447	93.54
448	93.58
449	93.57
450	93.54
451	93.56
452	93.61
453	93.59
454	93.58
455	93.56
456	93.57
457	93.56
458	93.56
459	93.59
460	93.65
461	93.56
462	93.56
463	93.58
464	93.6
465	93.61
466	93.54
467	93.58
468	93.6
469	93.59
470	93.59
471	93.57
472	93.58
473	93.59
474	93.57
475	93.58
476	93.59
477	93.61
478	93.58
479	93.57
480	93.58
481	93.58
482	93.59
483	93.57
484	93.59
485	93.71
486	93.53
487	93.98
488	93.45
489	93.68
490	93.5
491	93.51
492	93.65
493	93.6
494	93.54
495	93.56
496	93.55
497	93.56
498	93.56
499	93.59
500	93.6
501	93.49
502	93.58
503	93.46
504	93.52
505	93.62
506	93.55
507	93.62
508	93.63
509	93.64
510	93.61
511	93.54
512	93.57
513	93.6
514	93.62
515	93.61
516	93.44
517	118.11
518	113.75
519	106.83
520	104.15
521	103.02
522	113.28
523	111.28
524	51.03
525	73.2
526	89.1
527	105.55
528	147.45
529	161.23
530	168.89
531	178.43
532	191.37
533	113.58
534	24.25
535	33.48
536	34.35
537	35.5
538	36.07
539	36.75
540	37.1
541	37.3
542	37.39
543	37.48
544	37.65
545	37.73
546	37.83
547	37.96
548	37.93
549	38
550	38.01
551	38
552	38.03
553	38.02
554	38.01
555	38.07
556	38.22
557	38.04
558	38.11
559	38.11
560	38.15
561	38.15
562	38.18
563	38.27
564	38.32
565	38.27
566	38.25
567	38.23
568	38.25
569	38.37
570	38.36
571	38.46
572	38.45
573	38.37
574	38.28
575	38.25
576	38.3
577	38.37
578	38.35
579	38.28
580	38.25
581	38.26
582	38.27
583	38.27
584	38.43
585	38.42
586	38.33
587	38.32
588	38.28
589	38.33
590	38.35
591	38.42
592	38.49
593	38.47
594	38.45
595	38.45
596	38.45
597	38.49
598	38.49
599	38.56
600	38.56
601	38.67
602	38.64
603	38.53
604	38.47
605	38.47
606	38.4
607	38.41
608	38.45
609	38.49
610	38.47
611	38.43
612	38.42
613	38.42
614	38.39
615	38.45
616	38.53
617	38.55
618	38.52
619	38.54
620	38.56
621	38.56
622	38.57
623	38.47
624	38.55
625	38.56
626	38.42
627	38.48
628	38.49
629	38.49
630	38.57
631	38.55
632	38.54
633	38.51
634	38.5
635	38.51
636	38.59
637	38.73
638	38.69
639	38.68
640	38.7
641	38.68
642	38.74
643	38.68
644	38.68
645	38.65
646	38.65
647	38.63
648	38.66
649	38.65
650	38.65
651	38.65
652	38.62
653	38.66
654	38.76
655	38.78
656	38.75
657	38.75
658	38.75
659	38.66
660	38.63
661	38.6
662	38.61
663	38.6
664	38.75
665	38.68
666	38.67
667	38.65
668	38.62
669	38.69
670	38.76
671	38.75
672	38.76
673	38.69
674	38.71
675	38.76
676	38.74
677	38.79
678	38.76
679	38.72
680	38.83
681	38.8
682	38.74
683	38.67
684	38.64
685	38.72
686	38.71
687	38.77
688	38.69
689	38.8
690	38.79
691	38.72
692	38.72
693	38.75
694	38.73
695	38.74
696	38.81
697	38.77
698	39
699	38.85
700	38.76
701	38.72
702	38.73
703	38.76
704	38.74
705	38.8
706	38.89
707	38.87
708	38.85
709	38.84
710	38.79
711	38.78
712	38.76
713	38.75
714	38.81
715	39.44
716	40.9
717	45.24
718	37.88
719	11.67
720	21.78
721	16.52
722	12.37
723	8.66
724	6.19
725	3.9
726	2.27
727	0.84
728	-0.12
729	-0.98
730	-1.52
731	-1.88
732	-2.13
733	-2.14
734	-2.05
735	-2.17
736	-2.15
737	-2.13
738	-2.19
739	-2.23
740	-2.27
741	-2.25
742	-2.22
743	-2.24
744	-2.28
745	-2.28
746	-2.29
747	-2.28
748	-2.26
749	-2.25
750	-2.23
751	-2.12
752	-2.11
753	-2.15
754	-2.24
755	-2.23
756	-2.15
757	-2.27
758	-2.24
759	-2.19
760	-2.21
761	-2.21
762	-2.22
763	-2.25
764	-2.17
765	-2.12
766	-2.19
767	-2.23
768	-2.26
769	-2.25
770	-2.27
771	-2.26
772	-2.27
773	-2.21
774	-2.2
775	-2.19
776	-2.2
777	-2.19
778	-2.24
779	-2.28
780	-2.3
781	-2.23
782	-2.19
783	-2.13
784	-2.19
785	-2.13
786	-2.14
787	-2.2
788	-2.25
789	-2.27
790	-2.19
791	-2.16
792	-2.13
793	-2.06
794	-2.06
795	-2.07
796	-1.99
797	-2.07
798	-2.09
799	-2.15
800	-2.16
801	-2.12
802	-2.12
803	-2.18
804	-2.23
805	-2.26
806	-2.22
807	-2.2
808	-2.11
809	-2.12
810	-2.13
811	-2.11
812	-2.15
813	-2.23
814	-2.26
815	-2.2
816	-2.11
817	-2.07
818	-2.08
819	-2.03
820	-1.95
821	-1.96
822	-2.01
823	-2.06
824	-2.05
825	-2.07
826	-2.05
827	-2.04
828	-2.04
829	-2.06
830	-2.03
831	-2.01
832	-2.04
833	-2.07
834	-1.98
835	-1.99
836	-2.07
837	-1.99
838	-1.98
839	-1.95
840	-2
841	-2.04
842	-1.97
843	-2.05
844	-2.06
845	-2.13
846	-2.13
847	-2.05
848	-2.04
849	-2.02
850	-1.96
851	-1.92
852	-1.99
853	-2
854	-2.04
855	-2.07
856	-2.12
857	-2.12
858	-2.01
859	-1.96
860	-1.74
861	-1.9
862	-1.95
863	-2.08
864	-2.07
865	-2.05
866	-2.02
867	-2.02
868	-1.34
869	-2.24
870	-2.01
871	-2.04
872	-2.04
873	-2.12
874	-2.09
875	-2.01
876	-1.82
877	-1.85
878	-1.92
879	-1.96
880	-1.95
881	-1.92
882	-1.9
883	-1.97
884	-1.93
885	-1.98
886	-1.96
887	-2.02
888	-2.06
889	-2.04
890	-2
891	-2.05
892	-1.93
893	-1.91
894	-1.9
895	-1.9
896	0.78
897	13.26
898	18.38
899	-44.27
900	-26.35
901	-43.15
902	-53.16
903	-56.11
904	-57.69
905	-58.7
906	-59.03
907	-59.17
908	-59.18
909	-59.24
910	-59.24
911	-59.37
912	-59.37
913	-59.37
914	-59.39
915	-59.4
916	-59.34
917	-59.33
918	-59.4
919	-59.39
920	-59.39
921	-59.31
922	-59.39
923	-59.42
924	-59.38
925	-59.39
926	-59.37
927	-59.33
928	-59.39
929	-59.43
930	-59.37
931	-59.31
932	-59.36
933	-59.32
934	-59.36
935	-59.04
936	-59.44
937	-59.43
938	-59.39
939	-59.37
940	-59.37
941	-59.32
942	-59.38
943	-59.37
944	-59.34
945	-59.31
946	-59.28
947	-59.33
948	-59.3
949	-59.26
950	-59.39
951	-59.29
952	-59.26
953	-59.21
954	-59.28
955	-59.2
956	-59.25
957	-59.25
958	-59.2
959	-59.24
960	-59.25
961	-59.23
962	-59.21
963	-59.28
964	-59.21
965	-59.21
966	-59.26
967	-59.19
968	-59.14
969	-59.31
970	-59.22
971	-59.23
972	-59.2
973	-59.26
974	-59.25
975	-59.23
976	-59.2
977	-59.2
978	-59.22
979	-59.25
980	-59.25
981	-59.23
982	-59.17
983	-59.18
984	-59.15
985	-59.2
986	-59.26
987	-59.25
988	-59.31
989	-59.25
990	-59.23
991	-59.2
992	-59.21
993	-59.24
994	-59.18
995	-59.26
996	-59.18
997	-59.22
998	-59.27
999	-59.25
1000	-59.19
1001	-59.18
1002	-59.16
1003	-59.21
1004	-59.16
1005	-59.2
1006	-59.2
1007	-59.21
1008	-59.16
1009	-59.2
1010	-59.2
1011	-59.24
1012	-59.18
1013	-59.15
1014	-59.21
1015	-59.19
1016	-59.2
1017	-59.13
1018	-59.12
1019	-59.16
1020	-59.19
1021	-59.15
1022	-59.15
1023	-59.12
1024	-59.1
1025	-59.16
1026	-59.16
1027	-59.13
1028	-59.11
1029	-59.14
1030	-59.14
1031	-59.11
1032	-59.13
1033	-59.11
1034	-59.06
1035	-59.08
1036	-59.12
1037	-59.07
1038	-59.09
1039	-59.07
1040	-59.08
1041	-59.08
1042	-59.09
1043	-59.08
1044	-59.09
1045	-59.08
1046	-59.09
1047	-59.08
1048	-59.08
1049	-59.07
1050	-59.07
1051	-59.08
1052	-59.03
1053	-59.11
1054	-59.07
1055	-59.08
1056	-59.08
1057	-59.09
1058	-59.08
1059	-59.11
1060	-59.11
1061	-59.1
1062	-59.27
1063	-58.91
1064	-58.99
1065	-58.54
1066	-57.48
1067	-57.66
1068	-56.34
1069	-70.73
1070	-37.92
1071	-59.24
1072	-69.56
1073	-107.78
1074	-100.17
1075	-49.93
1076	-48.61
1077	-53.44
1078	-49.59
1079	-55.38
1080	-86.02
1081	-123.03
1082	-89.25
1083	-89.22
1084	-89.59
1085	-89.73
1086	-90.14
1087	-90.08
1088	-90.21
1089	-90.26
1090	-90.08
1091	-89.92
1092	-90.06
1093	-89.96
1094	-89.9
1095	-90.17
1096	-90.15
1097	-90.03
1098	-89.97
1099	-89.93
1100	-90.02
1101	-89.67
1102	-89.71
1103	-89.71
1104	-89.73
1105	-89.75
1106	-89.89
1107	-89.89
1108	-89.74
1109	-89.85
1110	-89.83
1111	-89.85
1112	-89.89
1113	-90
1114	-89.9
1115	-89.8
1116	-89.88
1117	-89.93
1118	-89.95
1119	-90.03
1120	-89.92
1121	-90.02
1122	-89.91
1123	-89.89
1124	-89.89
1125	-89.92
1126	-90.05
1127	-89.99
1128	-89.97
1129	-90.06
1130	-90.02
1131	-89.96
1132	-90.09
1133	-89.96
1134	-90.17
1135	-90.04
1136	-90.15
1137	-90.04
1138	-90.03
1139	-90.01
1140	-90.14
1141	-90.1
1142	-90.33
1143	-90.19
1144	-90.06
1145	-90.12
1146	-90.06
1147	-90.18
1148	-90.12
1149	-90.15
1150	-90.21
1151	-90.2
1152	-90.2
1153	-90.18
1154	-90.18
1155	-90.19
1156	-90.19
1157	-90.18
1158	-90.21
1159	-90.22
1160	-90.23
1161	-90.29
1162	-90.2
1163	-90.16
1164	-90.22
1165	-90.36
1166	-90.17
1167	-90.07
1168	-90.09
1169	-90.17
1170	-90.39
1171	-90.22
1172	-90.23
1173	-90.27
1174	-90.22
1175	-90.26
1176	-90.3
1177	-90.43
1178	-90.32
1179	-90.22
1180	-90.22
1181	-90.21
1182	-90.25
1183	-90.29
1184	-90.29
1185	-90.56
1186	-90.27
1187	-90.44
1188	-90.22
1189	-90.2
1190	-90.27
1191	-90.2
1192	-90.33
1193	-90.33
1194	-90.33
1195	-90.32
1196	-90.39
1197	-90.32
1198	-90.41
1199	-90.28
1200	-90.36
1201	-90.3
1202	-90.28
1203	-90.36
1204	-90.32
1205	-90.31
1206	-90.34
1207	-90.25
1208	-90.34
1209	-90.36
1210	-90.45
1211	-90.42
1212	-90.29
1213	-90.41
1214	-90.48
1215	-90.48
1216	-90.38
1217	-90.46
1218	-90.47
1219	-90.45
1220	-90.44
1221	-90.47
1222	-90.53
1223	-90.7
1224	-90.69
1225	-90.25
1226	-90.4
1227	-90.4
1228	-90.53
1229	-90.34
1230	-90.41
1231	-90.34
1232	-90.46
1233	-90.64
1234	-90.66
1235	-90.46
1236	-90.5
1237	-90.41
1238	-90.48
1239	-90.47
1240	-90.45
1241	-90.44
1242	-90.34
1243	-90.39
1244	-90.33
1245	-90.37
1246	-90.43
1247	-90.42
1248	-90.57
1249	-90.55
1250	-90.47
1251	-90.4
1252	-90.44
1253	-90.51
1254	-90.31
1255	-90.33
1256	-90.44
1257	-90.45
1258	-109.24
1259	-8.97
1260	-37
1261	-103.95
1262	-117.73
1263	-123.96
1264	-125.24
1265	-125.24
1266	-125.53
1267	-125.33
1268	-125.26
1269	-125.12
1270	-125.12
1271	-124.9
1272	-124.69
1273	-124.76
1274	-124.61
1275	-124.65
1276	-124.57
1277	-124.51
1278	-124.58
1279	-124.38
1280	-124.47
1281	-124.48
1282	-124.41
1283	-124.5
1284	-124.49
1285	-124.39
1286	-124.38
1287	-124.46
1288	-124.41
1289	-124.42
1290	-124.53
1291	-124.5
1292	-124.68
1293	-124.48
1294	-124.42
1295	-124.46
1296	-124.69
1297	-124.52
1298	-124.6
1299	-124.68
1300	-124.7
1301	-124.62
1302	-124.63
1303	-124.71
1304	-124.65
1305	-124.57
1306	-124.6
1307	-124.61
1308	-124.57
1309	-124.65
1310	-124.44
1311	-124.2
1312	-124.19
1313	-124.22
1314	-124.2
1315	-124.1
1316	-124.22
1317	-124.22
1318	-124.17
1319	-124.15
1320	-124.16
1321	-124.23
1322	-124.17
1323	-124.17
1324	-124.17
1325	-124.19
1326	-124.21
1327	-124.22
1328	-124.19
1329	-124.15
1330	-124.28
1331	-124.22
1332	-124.18
1333	-124.2
1334	-124.16
1335	-124.18
1336	-124.28
1337	-124.2
1338	-124.16
1339	-124.18
1340	-124.21
1341	-124.27
1342	-124.17
1343	-124.12
1344	-123.76
1345	-123.75
1346	-123.13
1347	-124.99
1348	-124.56
1349	-124.35
1350	-124.27
1351	-124.41
1352	-124.32
1353	-124.42
1354	-124.17
1355	-124.09
1356	-124.41
1357	-124.38
1358	-124.25
1359	-124.23
1360	-124.2
1361	-124.33
1362	-124.29
1363	-124.08
1364	-124.02
1365	-124.06
1366	-124.17
1367	-124.19
1368	-124.12
1369	-124.17
1370	-124.25
1371	-124.17
1372	-124.27
1373	-124.21
1374	-124.16
1375	-124.1
1376	-124.17
1377	-124.31
1378	-124.18
1379	-124.07
1380	-124.14
1381	-124.17
1382	-124.27
1383	-124.22
1384	-124.07
1385	-124.1
1386	-124.03
1387	-124.08
1388	-124.08
1389	-124.14
1390	-124.13
1391	-124.16
1392	-124.03
1393	-124.27
1394	-124.24
1395	-124.21
1396	-124.22
1397	-124.19
1398	-124.44
1399	-124.25
1400	-124.21
1401	-124.48
1402	-124.37
1403	-124.3
1404	-124.26
1405	-124.17
1406	-124.1
1407	-124.17
1408	-124.21
1409	-124.15
1410	-124.29
1411	-124.36
1412	-124.09
1413	-124.08
1414	-124.15
1415	-124.17
1416	-124.21
1417	-124.25
1418	-124.17
1419	-124.08
1420	-124.29
1421	-124.11
1422	-123.95
1423	-123.93
1424	-124.14
1425	-124.08
1426	-124.08
1427	-124.07
1428	-124.09
1429	-124.06
1430	-124.06
1431	-124.03
1432	-124.28
1433	-124.18
1434	-124.14
1435	-123.93
1436	-123.97
1437	-124.05
1438	-123.6
1439	-119.74
1440	-123.81
1441	-132.18
1442	-137.85
1443	-140.4
1444	-141.25
1445	-141.43
1446	-141.71
1447	-141.67
1448	-141.47
1449	-141.42
1450	-141.42
1451	-141.49
1452	-141.24
1453	-141.19
1454	-141.36
1455	-141.28
1456	-141.31
1457	-141.36
1458	-141.26
1459	-141.79
1460	-141.85
1461	-141.88
1462	-141.89
1463	-141.5
1464	-141.84
1465	-141.86
1466	-142
1467	-141.96
1468	-141.74
1469	-141.78
1470	-141.73
1471	-141.55
1472	-141.44
1473	-141.73
1474	-142
1475	-141.76
1476	-141.58
1477	-141.86
1478	-141.78
1479	-141.68
1480	-141.74
1481	-141.69
1482	-141.82
1483	-141.59
1484	-141.56
1485	-141.85
1486	-141.95
1487	-141.81
1488	-141.82
1489	-141.96
1490	-141.8
1491	-141.86
1492	-141.89
1493	-141.9
1494	-141.92
1495	-141.76
1496	-141.68
1497	-141.64
1498	-141.73
1499	-141.71
1500	-141.51
1501	-141.51
1502	-141.75
1503	-141.74
1504	-141.56
1505	-141.58
1506	-141.62
1507	-141.69
1508	-141.71
1509	-141.7
1510	-141.77
1511	-141.59
1512	-141.54
1513	-141.52
1514	-141.76
1515	-141.68
1516	-141.56
1517	-141.74
1518	-141.76
1519	-141.75
1520	-141.66
1521	-141.73
1522	-141.77
1523	-141.81
1524	-141.72
1525	-141.59
1526	-141.57
1527	-141.63
1528	-141.76
1529	-141.78
1530	-141.73
1531	-141.82
1532	-141.71
1533	-141.69
1534	-141.75
1535	-141.39
1536	-141.66
1537	-141.73
1538	-141.9
1539	-141.72
1540	-141.79
1541	-141.64
1542	-141.51
1543	-141.75
1544	-141.51
1545	-141.83
1546	-141.82
1547	-141.8
1548	-141.72
1549	-141.74
1550	-141.52
1551	-141.68
1552	-141.56
1553	-141.89
1554	-141.56
1555	-141.73
1556	-141.77
1557	-141.86
1558	-141.72
1559	-141.66
1560	-141.72
1561	-141.69
1562	-141.85
1563	-141.67
1564	-141.74
1565	-141.74
1566	-141.52
1567	-141.75
1568	-141.64
1569	-141.68
1570	-141.7
1571	-141.67
1572	-141.85
1573	-141.66
1574	-141.64
1575	-141.61
1576	-141.61
1577	-141.58
1578	-141.59
1579	-141.6
1580	-141.91
1581	-141.91
1582	-141.76
1583	-141.8
1584	-141.49
1585	-141.76
1586	-141.75
1587	-141.6
1588	-141.8
1589	-141.7
1590	-141.57
1591	-141.59
1592	-141.58
1593	-141.83
1594	-141.71
1595	-141.86
1596	-141.75
1597	-141.83
1598	-141.63
1599	-141.55
1600	-141.65
1601	-141.7
1602	-141.64
1603	-141.59
1604	-141.59
1605	-141.72
1606	-141.64
1607	-141.74
1608	-141.52
1609	-141.58
1610	-141.6
1611	-141.63
1612	-141.53
1613	-141.54
1614	-141.5
1615	-141.47
1616	-141.58
1617	-141.52
1618	-136.41
1619	-45.81
1620	-41.27
1621	-128.94
1622	-127.83
1623	-125.39
1624	-124.75
1625	-124.57
1626	-124.58
1627	-124.59
1628	-124.67
1629	-124.56
1630	-124.6
1631	-124.53
1632	-124.3
1633	-124.27
1634	-124.41
1635	-124.36
1636	-124.29
1637	-124.26
1638	-124.17
1639	-124.37
1640	-124.28
1641	-124.42
1642	-124.52
1643	-124.39
1644	-124.48
1645	-124.56
1646	-124.42
1647	-124.23
1648	-124.34
1649	-124.32
1650	-124.42
1651	-124.52
1652	-124.44
1653	-124.24
1654	-124.19
1655	-124.34
1656	-124.46
1657	-124.3
1658	-124.29
1659	-124.45
1660	-124.15
1661	-124.15
1662	-124.11
1663	-124.2
1664	-124.27
1665	-124.24
1666	-124.2
1667	-124.29
1668	-124.42
1669	-124.26
1670	-124.17
1671	-124.29
1672	-124.32
1673	-124.39
1674	-124.28
1675	-124.37
1676	-124.4
1677	-124.37
1678	-124.34
1679	-124.39
1680	-124.44
1681	-124.45
1682	-124.36
1683	-124.42
1684	-124.3
1685	-124.28
1686	-124.27
1687	-124.26
1688	-124.24
1689	-124.38
1690	-124.45
1691	-124.39
1692	-124.23
1693	-124.37
1694	-124.33
1695	-124.28
1696	-124.26
1697	-124.44
1698	-124.49
1699	-124.52
1700	-124.49
1701	-124.38
1702	-124.33
1703	-124.25
1704	-124.31
1705	-124.4
1706	-124.41
1707	-124.21
1708	-124.11
1709	-124.2
1710	-124.21
1711	-124.38
1712	-124.49
1713	-124.31
1714	-124.1
1715	-124.1
1716	-124.25
1717	-124.31
1718	-124.27
1719	-124.4
1720	-124.4
1721	-124.47
1722	-124.38
1723	-124.46
1724	-124.53
1725	-124.27
1726	-124.43
1727	-124.59
1728	-124.57
1729	-124.48
1730	-124.46
1731	-124.47
1732	-124.33
1733	-124.42
1734	-124.44
1735	-124.52
1736	-124.5
1737	-124.51
1738	-124.51
1739	-124.36
1740	-124.54
1741	-124.42
1742	-124.43
1743	-124.44
1744	-124.21
1745	-124.45
1746	-124.6
1747	-124.48
1748	-124.47
1749	-124.4
1750	-124.4
1751	-124.3
1752	-124.44
1753	-124.56
1754	-124.48
1755	-124.42
1756	-124.48
1757	-124.52
1758	-124.34
1759	-124.28
1760	-124.53
1761	-124.47
1762	-124.45
1763	-124.42
1764	-124.34
1765	-124.27
1766	-124.47
1767	-124.41
1768	-124.38
1769	-124.35
1770	-124.39
1771	-124.5
1772	-124.41
1773	-124.38
1774	-124.19
1775	-124.05
1776	-124.14
1777	-124.2
1778	-124.27
1779	-124.21
1780	-124.36
1781	-124.1
1782	-124.15
1783	-124.17
1784	-124.1
1785	-124.06
1786	-124.1
1787	-124.11
1788	-124.11
1789	-124.32
1790	-124.41
1791	-124.17
1792	-124.21
1793	-124.05
1794	-124.01
1795	-124.17
1796	-124.07
1797	-124
1798	-124.14
1799	-121.74
1800	-118.43
1801	-117.01
1802	-113.66
1803	-102.25
1804	-93.8
1805	-90.86
1806	-90.09
1807	-89.92
1808	-89.98
1809	-89.81
1810	-89.98
1811	-90.08
1812	-90.36
1813	-90.23
1814	-90.15
1815	-90.35
1816	-90.62
1817	-90.58
1818	-90.5
1819	-90.79
1820	-90.64
1821	-90.79
1822	-90.67
1823	-90.79
1824	-90.76
1825	-90.76
1826	-90.7
1827	-90.92
1828	-90.88
1829	-90.83
1830	-90.9
1831	-90.82
1832	-90.75
1833	-90.75
1834	-91.02
1835	-90.9
1836	-90.87
1837	-90.97
1838	-91.05
1839	-90.84
1840	-90.95
1841	-90.99
1842	-90.97
1843	-90.87
1844	-90.85
1845	-90.8
1846	-90.81
1847	-90.69
1848	-90.78
1849	-90.85
1850	-90.95
1851	-90.98
1852	-90.97
1853	-90.9
1854	-90.85
1855	-90.91
1856	-90.9
1857	-90.82
1858	-90.88
1859	-91.07
1860	-91.08
1861	-90.99
1862	-91.06
1863	-91.01
1864	-91.07
1865	-91.25
1866	-91.1
1867	-91.09
1868	-91.15
1869	-90.91
1870	-90.99
1871	-91.19
1872	-91.08
1873	-91.21
1874	-91.28
1875	-90.9
1876	-91.17
1877	-91.22
1878	-91.04
1879	-91.12
1880	-91.15
1881	-91.22
1882	-91.25
1883	-91.05
1884	-90.9
1885	-91.06
1886	-91.15
1887	-91.21
1888	-91.16
1889	-90.84
1890	-91.12
1891	-90.97
1892	-91.19
1893	-91.29
1894	-91.29
1895	-91.38
1896	-91.29
1897	-91.32
1898	-90.98
1899	-91.12
1900	-91.33
1901	-91.09
1902	-91.1
1903	-91.25
1904	-91.13
1905	-91.22
1906	-91.25
1907	-91.22
1908	-90.98
1909	-91.14
1910	-91.21
1911	-91.15
1912	-91.11
1913	-91.19
1914	-91.42
1915	-91.28
1916	-91.17
1917	-91.39
1918	-91.44
1919	-91.17
1920	-91.27
1921	-91.33
1922	-91.25
1923	-91.34
1924	-91.3
1925	-91.13
1926	-91.05
1927	-91.08
1928	-91.31
1929	-91.22
1930	-91.13
1931	-91.22
1932	-91.22
1933	-91.01
1934	-91.11
1935	-91.21
1936	-91.25
1937	-91.28
1938	-91.09
1939	-91.22
1940	-91.21
1941	-91.1
1942	-91.2
1943	-91.04
1944	-91.22
1945	-90.95
1946	-91.31
1947	-91.33
1948	-91.46
1949	-91.41
1950	-91.24
1951	-91.02
1952	-91.37
1953	-91.53
1954	-91.07
1955	-90.68
1956	-90.77
1957	-90.85
1958	-91.05
1959	-90.72
1960	-90.84
1961	-80.7
1962	-81.23
1963	-83.64
1964	-83.83
1965	-113.48
1966	-80.15
1967	-101.77
1968	-83.46
1969	-74.86
1970	-110.45
1971	-103.64
1972	-103.18
1973	-90.54
1974	-78.77
1975	-74.89
1976	-79.38
1977	-63.64
1978	-63.32
1979	-62.57
1980	-62.06
1981	-61.64
1982	-61.42
1983	-61.3
1984	-61.11
1985	-60.99
1986	-60.94
1987	-60.82
1988	-60.82
1989	-60.73
1990	-60.59
1991	-60.61
1992	-60.6
1993	-60.52
1994	-60.48
1995	-60.45
1996	-60.36
1997	-60.33
1998	-60.27
1999	-60.26
2000	-60.27
2001	-60.22
2002	-60.17
2003	-60.11
2004	-60.13
2005	-60.15
2006	-60.1
2007	-60.05
2008	-60.09
2009	-60.06
2010	-59.98
2011	-59.93
2012	-59.93
2013	-60.01
2014	-59.88
2015	-59.9
2016	-59.92
2017	-59.9
2018	-59.87
2019	-59.84
2020	-59.87
2021	-59.89
2022	-59.75
2023	-59.87
2024	-59.79
2025	-59.88
2026	-59.84
2027	-59.85
2028	-59.84
2029	-59.82
2030	-59.79
2031	-59.8
2032	-59.75
2033	-59.8
2034	-59.75
2035	-59.73
2036	-59.75
2037	-59.74
2038	-59.77
2039	-59.74
2040	-59.73
2041	-59.71
2042	-59.71
2043	-59.67
2044	-59.67
2045	-59.65
2046	-59.69
2047	-59.66
2048	-59.63
2049	-59.65
2050	-59.63
2051	-59.58
2052	-59.58
2053	-59.64
2054	-59.64
2055	-59.66
2056	-59.61
2057	-59.63
2058	-59.55
2059	-59.57
2060	-59.63
2061	-59.57
2062	-59.55
2063	-59.54
2064	-59.53
2065	-59.55
2066	-59.56
2067	-59.56
2068	-59.56
2069	-59.54
2070	-59.54
2071	-59.5
2072	-59.52
2073	-59.52
2074	-59.45
2075	-59.54
2076	-59.51
2077	-59.55
2078	-59.48
2079	-59.5
2080	-59.47
2081	-59.43
2082	-59.46
2083	-59.46
2084	-59.49
2085	-59.43
2086	-59.49
2087	-59.46
2088	-59.45
2089	-59.43
2090	-59.43
2091	-59.46
2092	-59.4
2093	-59.42
2094	-59.45
2095	-59.43
2096	-59.43
2097	-59.45
2098	-59.39
2099	-59.38
2100	-59.4
2101	-59.45
2102	-59.4
2103	-59.38
2104	-59.41
2105	-59.38
2106	-59.37
2107	-59.4
2108	-59.38
2109	-59.4
2110	-59.33
2111	-59.36
2112	-59.32
2113	-59.36
2114	-59.41
2115	-59.37
2116	-59.4
2117	-59.39
2118	-59.4
2119	-59.34
2120	-59.33
2121	-59.35
2122	-59.36
2123	-59.42
2124	-59.25
2125	-59.34
2126	-59.33
2127	-59.35
2128	-59.33
2129	-59.34
2130	-59.3
2131	-59.3
2132	-59.29
2133	-59.29
2134	-59.31
2135	-59.31
2136	-59.32
2137	-59.33
2138	-59.34
2139	-59.38
2140	-59.37
2141	-59.31
2142	-59.37
2143	-59.4
2144	-59.38
2145	-59.39
2146	-59.48
2147	-59.37
2148	-59.29
2149	-59.27
2150	-59.34
2151	-59.29
2152	-59.33
2153	-59.3
2154	-59.27
2155	-59.28
2156	-59.27
2157	-59.44
2158	-48.54
2159	-15.23
2160	-38.62
2161	-55.49
2162	-29.54
2163	-22.06
2164	-15.99
2165	-12.01
2166	-9.54
2167	-7.74
2168	-6.33
2169	-5.11
2170	-4.46
2171	-4.03
2172	-3.59
2173	-3.25
2174	-3.01
2175	-2.97
2176	-2.86
2177	-2.75
2178	-2.55
2179	-2.45
2180	-2.28
2181	-2.3
2182	-2.26
2183	-2.21
2184	-2.06
2185	-2.08
2186	-2.1
2187	-2.11
2188	-2.01
2189	-1.94
2190	-1.91
2191	-1.9
2192	-1.95
2193	-1.96
2194	-1.93
2195	-1.78
2196	-1.98
2197	-1.96
2198	-1.97
2199	-1.95
2200	-1.91
2201	-1.9
2202	-1.94
2203	-1.89
2204	-1.82
2205	-1.94
2206	-1.84
2207	-1.86
2208	-2.12
2209	-2.05
2210	-1.94
2211	-1.94
2212	-1.97
2213	-1.93
2214	-1.9
2215	-1.91
2216	-1.87
2217	-1.86
2218	-1.86
2219	-1.96
2220	-1.87
2221	-1.88
2222	-1.86
2223	-1.9
2224	-1.9
2225	-1.89
2226	-1.88
2227	-1.9
2228	-1.82
2229	-1.8
2230	-1.8
2231	-1.86
2232	-1.9
2233	-1.92
2234	-1.92
2235	-1.9
2236	-1.98
2237	-1.99
2238	-1.86
2239	-1.77
2240	-1.58
2241	-1.89
2242	-1.84
2243	-1.84
2244	-1.89
2245	-1.9
2246	-1.92
2247	-1.89
2248	-1.86
2249	-1.82
2250	-1.76
2251	-1.87
2252	-1.81
2253	-1.81
2254	-1.81
2255	-1.8
2256	-1.83
2257	-1.84
2258	-1.83
2259	-1.85
2260	-1.83
2261	-1.8
2262	-1.8
2263	-1.78
2264	-1.78
2265	-1.83
2266	-1.77
2267	-1.79
2268	-1.84
2269	-1.83
2270	-1.9
2271	-1.91
2272	-1.89
2273	-1.83
2274	-1.82
2275	-1.76
2276	-1.76
2277	-1.76
2278	-1.77
2279	-1.75
2280	-1.79
2281	-1.76
2282	-1.8
2283	-1.79
2284	-1.75
2285	-1.68
2286	-1.79
2287	-1.83
2288	-1.81
2289	-1.75
2290	-1.71
2291	-1.73
2292	-1.84
2293	-1.82
2294	-1.82
2295	-1.87
2296	-1.7
2297	-1.74
2298	-1.79
2299	-1.8
2300	-1.82
2301	-1.82
2302	-1.75
2303	-1.78
2304	-1.81
2305	-1.82
2306	-1.78
2307	-1.81
2308	-1.82
2309	-1.76
2310	-1.69
2311	-1.71
2312	-1.69
2313	-1.75
2314	-1.83
2315	-1.71
2316	-1.76
2317	-1.87
2318	-1.96
2319	-1.83
2320	-1.67
2321	-1.67
2322	-1.69
2323	-1.72
2324	-1.73
2325	-1.69
2326	-1.79
2327	-1.82
2328	-1.9
2329	-1.82
2330	-1.71
2331	-1.69
2332	-1.7
2333	-1.77
2334	-1.75
2335	-1.79
2336	-1.83
2337	-1.81
2338	-1.66
2339	22.6
2340	28.4
2341	12.51
2342	11.54
2343	14.63
2344	18.86
2345	22.49
2346	25.41
2347	28.31
2348	30.72
2349	32.07
2350	33.5
2351	35.49
2352	36.77
2353	37.43
2354	37.77
2355	38.08
2356	38.31
2357	38.36
2358	38.39
2359	38.5
2360	38.55
2361	38.61
2362	38.82
2363	38.89
2364	38.91
2365	38.9
2366	38.92
2367	38.97
2368	39.08
2369	39.16
2370	39.2
2371	39.15
2372	39.31
2373	39.28
2374	39.27
2375	39.25
2376	39.25
2377	39.2
2378	39.36
2379	39.34
2380	39.23
2381	39.33
2382	39.24
2383	39.22
2384	39.11
2385	39.09
2386	39.24
2387	39.13
2388	39.25
2389	39.17
2390	39.23
2391	39.11
2392	39.11
2393	39.07
2394	39.15
2395	39.23
2396	39.23
2397	39.31
2398	39.29
2399	39.27
2400	39.18
2401	39.24
2402	39.32
2403	39.27
2404	39.16
2405	39.16
2406	39.18
2407	39.17
2408	39.16
2409	39.15
2410	39.08
2411	39.09
2412	39.12
2413	39.07
2414	39.05
2415	39.14
2416	39.21
2417	39.16
2418	39.15
2419	39.18
2420	39.23
2421	39.15
2422	39.12
2423	39.14
2424	39.15
2425	39.15
2426	39.12
2427	39.09
2428	39.21
2429	39.3
2430	39.27
2431	39.16
2432	39.09
2433	39.1
2434	39.16
2435	39.13
2436	39.09
2437	39.1
2438	39.08
2439	39.13
2440	39.17
2441	39.18
2442	39.11
2443	39.11
2444	39.13
2445	39.17
2446	39.16
2447	39.12
2448	39.08
2449	39.13
2450	39.03
2451	38.96
2452	38.99
2453	39.02
2454	39.11
2455	39.21
2456	39.26
2457	39.19
2458	39.19
2459	39.12
2460	39.08
2461	39.12
2462	39.19
2463	39.19
2464	39.15
2465	39.14
2466	39.13
2467	39.07
2468	39.12
2469	39.18
2470	39.11
2471	39.03
2472	38.99
2473	39.1
2474	39.11
2475	39.1
2476	39.06
2477	38.99
2478	39.03
2479	38.99
2480	39.03
2481	39.07
2482	39.07
2483	39.03
2484	39.05
2485	39.07
2486	39.11
2487	39.1
2488	38.99
2489	39.01
2490	39.04
2491	39.13
2492	39.21
2493	38.96
2494	39.03
2495	39.11
2496	39.27
2497	39.33
2498	39.23
2499	39.05
2500	38.97
2501	39.26
2502	38.17
2503	36.75
2504	51.38
2505	55.67
2506	155.05
2507	43.89
2508	31.56
2509	22.93
2510	56.08
2511	89.4
2512	113.64
2513	115.26
2514	105.89
2515	74.29
2516	53.52
2517	92.18
2518	93.46
2519	93.46
2520	93.64
2521	93.73
2522	93.79
2523	93.82
2524	93.85
2525	93.89
2526	93.92
2527	93.93
2528	93.94
2529	93.92
2530	93.95
2531	93.96
2532	93.94
2533	93.97
2534	93.94
2535	93.93
2536	93.93
2537	93.96
2538	93.98
2539	93.96
2540	93.94
2541	93.96
2542	93.95
2543	93.94
2544	93.95
2545	93.94
2546	93.95
2547	93.95
2548	93.97
2549	93.94
2550	93.94
2551	93.94
2552	93.94
2553	93.94
2554	93.94
2555	93.94
2556	93.95
2557	93.96
2558	93.93
2559	93.93
2560	93.93
2561	93.94
2562	93.93
2563	93.92
2564	93.93
2565	93.95
2566	93.94
2567	93.93
2568	93.93
2569	93.91
2570	94.1
2571	93.85
2572	93.9
2573	93.9
2574	93.89
2575	93.89
2576	93.89
2577	93.89
2578	93.88
2579	93.89
2580	93.91
2581	93.87
2582	93.88
2583	93.88
2584	93.89
2585	93.89
2586	93.88
2587	93.88
2588	93.88
2589	93.87
2590	93.88
2591	93.86
2592	93.86
2593	93.89
2594	93.87
2595	93.88
2596	93.87
2597	93.87
2598	93.85
2599	93.86
2600	93.85
2601	93.85
2602	93.86
2603	93.85
2604	93.85
2605	93.84
2606	93.85
2607	93.84
2608	93.84
2609	93.84
2610	93.84
2611	93.84
2612	93.83
2613	93.84
2614	93.85
2615	93.84
2616	93.84
2617	93.83
2618	93.83
2619	93.83
2620	93.82
2621	93.83
2622	93.84
2623	93.84
2624	93.82
2625	93.82
2626	93.82
2627	93.82
2628	93.81
2629	93.8
2630	93.81
2631	93.81
2632	93.81
2633	93.8
2634	93.8
2635	93.8
2636	93.81
2637	93.8
2638	93.8
2639	93.8
2640	93.8
2641	93.8
2642	93.8
2643	93.79
2644	93.78
2645	93.79
2646	93.8
2647	93.78
2648	93.78
2649	93.78
2650	93.78
2651	93.78
2652	93.78
2653	93.77
2654	93.77
2655	93.77
2656	93.77
2657	93.76
2658	93.76
2659	93.77
2660	93.76
2661	93.76
2662	93.77
2663	93.78
2664	93.75
2665	93.8
2666	93.83
2667	93.73
2668	93.81
2669	93.8
2670	93.7
2671	93.76
2672	93.75
2673	93.75
2674	93.88
2675	93.64
2676	93.71
2677	93.7
2678	93.76
2679	93.76
2680	93.76
2681	93.75
2682	93.75
2683	93.78
2684	93.84
2685	93.74
2686	93.73
2687	93.76
2688	93.77
2689	93.79
2690	93.76
2691	93.78
2692	93.76
2693	93.76
2694	93.77
2695	93.76
2696	93.76
2697	93.77
2698	93.6
2699	168.23
2700	145.11
2701	150.59
2702	122.12
2703	133.85
2704	138.14
2705	138.77
2706	138.81
2707	138.75
2708	138.79
2709	138.77
2710	138.74
2711	138.69
2712	138.68
2713	138.67
2714	138.66
2715	138.63
2716	138.62
2717	138.59
2718	138.61
2719	138.63
2720	138.57
2721	138.59
2722	138.57
2723	138.56
2724	138.56
2725	138.53
2726	138.54
2727	138.56
2728	138.5
2729	138.49
2730	138.51
2731	138.5
2732	138.51
2733	138.46
2734	138.47
2735	138.44
2736	138.44
2737	138.43
2738	138.41
2739	138.41
2740	138.43
2741	138.41
2742	138.43
2743	138.48
2744	138.41
2745	138.4
2746	138.38
2747	138.34
2748	138.35
2749	138.35
2750	138.36
2751	138.34
2752	138.35
2753	138.35
2754	138.32
2755	138.33
2756	138.29
2757	138.27
2758	138.27
2759	138.31
2760	138.29
2761	138.32
2762	138.34
2763	138.29
2764	138.29
2765	138.29
2766	138.27
2767	138.28
2768	138.26
2769	138.29
2770	138.25
2771	138.27
2772	138.26
2773	138.27
2774	138.26
2775	138.24
2776	138.25
2777	138.25
2778	138.25
2779	138.24
2780	138.25
2781	138.24
2782	138.22
2783	138.23
2784	138.24
2785	138.23
2786	138.23
2787	138.2
2788	138.21
2789	138.2
2790	138.2
2791	138.19
2792	138.19
2793	138.18
2794	138.17
2795	138.18
2796	138.17
2797	138.18
2798	138.19
2799	138.18
2800	138.16
2801	138.17
2802	138.16
2803	138.16
2804	138.16
2805	138.17
2806	138.17
2807	138.16
2808	138.14
2809	138.14
2810	138.18
2811	138.13
2812	138.15
2813	138.13
2814	138.14
2815	138.14
2816	138.13
2817	138.13
2818	138.17
2819	138.23
2820	138.2
2821	138.15
2822	138.14
2823	138.15
2824	138.14
2825	138.11
2826	138.13
2827	138.12
2828	138.13
2829	138.17
2830	138.14
2831	138.15
2832	138.17
2833	138.12
2834	138.11
2835	138.12
2836	138.11
2837	138.11
2838	138.1
2839	138.11
2840	138.12
2841	138.1
2842	138.1
2843	138.1
2844	138.1
2845	138.1
2846	138.11
2847	138.1
2848	138.09
2849	138.09
2850	138.08
2851	138.08
2852	138.1
2853	138.1
2854	138.08
2855	138.08
2856	138.07
2857	138.07
2858	138.07
2859	138.07
2860	138.06
2861	138.03
2862	138.04
2863	138.09
2864	138.08
2865	138.07
2866	138.09
2867	138.14
2868	138.12
2869	138.09
2870	138.11
2871	138.07
2872	138.09
2873	138.21
2874	138.03
2875	138.07
2876	138.12
2877	138.04
2878	138.03
2879	124.28
2880	-5.47
2881	157.89
2882	149.37
2883	94.37
2884	162.68
2885	170.61
2886	173.11
2887	173.87
2888	174.1
2889	174.15
2890	174.08
2891	174.12
2892	174.05
2893	174.03
2894	174.04
2895	174.05
2896	174
2897	173.99
2898	173.93
2899	173.9
2900	173.84
2901	173.86
2902	173.84
2903	173.88
2904	173.85
2905	173.81
2906	173.79
2907	173.83
2908	173.77
2909	173.75
2910	173.79
2911	173.81
2912	173.72
2913	173.66
2914	173.68
2915	173.69
2916	173.65
2917	173.65
2918	173.62
2919	173.58
2920	173.64
2921	173.62
2922	173.6
2923	173.61
2924	173.57
2925	173.56
2926	173.53
2927	173.53
2928	173.6
2929	173.57
2930	173.55
2931	173.52
2932	173.48
2933	173.56
2934	173.54
2935	173.49
2936	173.51
2937	173.51
2938	173.49
2939	173.47
2940	173.47
2941	173.47
2942	173.46
2943	173.42
2944	173.44
2945	173.5
2946	173.44
2947	173.4
2948	173.42
2949	173.45
2950	173.43
2951	173.42
2952	173.44
2953	173.43
2954	173.44
2955	173.39
2956	173.37
2957	173.42
2958	173.37
2959	173.35
2960	173.4
2961	173.35
2962	173.39
2963	173.35
2964	173.36
2965	173.38
2966	173.3
2967	173.33
2968	173.34
2969	173.33
2970	173.34
2971	173.28
2972	173.29
2973	173.33
2974	173.29
2975	173.34
2976	173.29
2977	173.29
2978	173.27
2979	173.31
2980	173.27
2981	173.3
2982	173.27
2983	173.24
2984	173.29
2985	173.26
2986	173.26
2987	173.23
2988	173.25
2989	173.23
2990	173.25
2991	173.23
2992	173.25
2993	173.24
2994	173.26
2995	173.2
2996	173.27
2997	173.22
2998	173.25
2999	173.23
3000	173.19
3001	173.22
3002	173.23
3003	173.2
3004	173.19
3005	173.21
3006	173.17
3007	173.22
3008	173.15
3009	173.18
3010	173.18
3011	173.16
3012	173.15
3013	173.15
3014	173.17
3015	173.23
3016	173.19
3017	173.18
3018	173.13
3019	173.14
3020	173.16
3021	173.14
3022	173.16
3023	173.17
3024	173.09
3025	173.13
3026	173.15
3027	173.14
3028	173.15
3029	173.1
3030	173.11
3031	173.1
3032	173.11
3033	173.11
3034	173.14
3035	173.14
3036	173.13
3037	173.08
3038	173.06
3039	173.08
3040	173.1
3041	173.09
3042	173.07
3043	173.11
3044	173.1
3045	173.09
3046	173.07
3047	173.07
3048	173.09
3049	173.05
3050	173.1
3051	173.07
3052	173.05
3053	173.06
3054	173.09
3055	173.08
3056	173.06
3057	173.08
3058	173.06
3059	173.04
3060	173.05
